Model_ID, [(c_i,i=0,n)_j,j=1,ntask]
           1    0.9182418355E+00   -0.1580937637E+00   -0.1507116064E-02
           2    0.9221316451E+00   -0.1574656554E+00   -0.5933959692E-02
           3    0.9110181267E+00   -0.1581419610E+00   -0.1599518603E-02
           4    0.9186134783E+00   -0.1556988056E+00   -0.1516549662E-02
           5    0.9084226032E+00   -0.1567652677E+00   -0.1607916483E-02
           6    0.1025439198E+01   -0.4822167577E+00   -0.4238272099E-04
           7    0.9072833347E+00   -0.1562290853E+00   -0.1609411419E-02
           8    0.9042156982E+00   -0.1568683993E+00   -0.1562299174E-02
           9    0.9059216096E+00   -0.1556657153E+00   -0.1608354550E-02
          10    0.4208659493E+00   -0.2786330931E+00    0.2620553470E+01
          11    0.1094425143E+01   -0.4609432464E+00   -0.8347358128E+00
          12    0.1095880163E+01   -0.4809377521E+00   -0.4524382867E-04
          13    0.9027299001E+00   -0.1563345212E+00   -0.1560135028E-02
          14    0.9210384820E+00   -0.1479399384E+00   -0.4309118421E-04
          15    0.9010146644E+00   -0.1557749580E+00   -0.1555341514E-02
          16    0.1088734596E+01   -0.5024503483E+00   -0.1485785054E-02
          17    0.1085455672E+01   -0.5079184374E+00   -0.1434333247E-02
          18    0.3783494622E+01   -0.2784031030E+00   -0.2103567905E+01
          19    0.1078267001E+01   -0.5079806609E+00   -0.1519347474E-02
          20    0.1087263294E+01   -0.5055516541E+00   -0.5611336365E-02
          21    0.1075666765E+01   -0.4637089601E+00   -0.1633045335E+00
          22    0.1078102296E+01   -0.5051955812E+00   -0.1559781250E-02
          23    0.1082660920E+01   -0.4840890159E+00   -0.1113380992E-01
          24    0.1077763115E+01   -0.5040165245E+00   -0.1572960054E-02
          25    0.8995585655E+00   -0.1527202672E+00   -0.1339736779E-02
          26    0.1077183026E+01   -0.5027343280E+00   -0.1583933102E-02
          27    0.9074200461E+00   -0.1489212126E+00   -0.1061092390E-01
          28    0.1084852355E+01   -0.4822913818E+00   -0.7967595172E+00
          29   -0.2248045094E+00   -0.2781801686E+00   -0.3782715681E+01
          30    0.8671173195E+00    0.1642541472E+00   -0.5800494686E-02
          31    0.1782984886E+01   -0.2697748554E+00    0.4387993064E+00
          32    0.1084143879E+01   -0.4840831015E+00   -0.7878601506E+00
          33    0.1084143557E+01   -0.4841857219E+00   -0.7872475260E+00
          34    0.1084135777E+01   -0.4841902033E+00   -0.7871961277E+00
          35    0.8464116858E+00   -0.1473693401E+00   -0.3765388486E-04
          36    0.1070262276E+01   -0.4630433078E+00   -0.1595672123E+00
          37    0.8559538793E+00    0.1649492624E+00   -0.1562966989E-02
          38    0.1074312475E+01   -0.5056323165E+00   -0.1517166289E-02
          39    0.1075512987E+01   -0.4958648506E+00   -0.1379797892E-02
          40    0.8601485611E+00    0.1644453150E+00   -0.1445823432E-02
          41    0.1080127005E+01   -0.4752310259E+00   -0.8140719423E+00
          42    0.1073646654E+01   -0.5044682889E+00   -0.1526771767E-02
          43    0.1076165123E+01   -0.4676658355E+00   -0.1227665767E+01
          44    0.1072730146E+01   -0.5032045166E+00   -0.1534046050E-02
          45    0.1073856858E+01   -0.4784065046E+00   -0.1116203519E-01
          46    0.9057701342E+00   -0.1487158730E+00   -0.7364992151E+00
          47    0.9057690043E+00   -0.1487137202E+00   -0.7365017794E+00
          48    0.9057175502E+00   -0.1486770369E+00   -0.7366854103E+00
          49    0.1074267919E+01   -0.4689407977E+00   -0.1207117321E+01
          50    0.8760528376E+00    0.1549731304E+00   -0.4383644944E-04
          51    0.9044093338E+00   -0.1479533529E+00   -0.7332292138E+00
          52    0.1076381901E+01   -0.4730777754E+00   -0.2348921129E+01
          53    0.8533011036E+00    0.1634479697E+00   -0.1565216483E-02
          54    0.3298159400E+00    0.3028228126E+00    0.2785807762E+01
          55   -0.2656703830E+00   -0.2667991420E+00   -0.7121356967E+01
          56    0.1072686536E+01   -0.4627853302E+00   -0.1293678855E+01
          57    0.8596694035E+00    0.1618053238E+00   -0.1439928577E-02
          58    0.7896620374E+00   -0.2595247234E+00    0.6427537534E+00
          59    0.7897219052E+00   -0.2595386077E+00    0.6426533951E+00
          60    0.8520819194E+00    0.1628576313E+00   -0.1563683440E-02
          61    0.8947417535E+00   -0.1468204590E+00   -0.1022242465E-01
          62    0.8479438020E+00   -0.1525440852E+00   -0.1495460274E-03
          63    0.1164925229E+01    0.3170537228E+00    0.2484813306E+01
          64    0.9012080308E+00   -0.1454880158E+00   -0.2186174347E+01
          65    0.8487690618E+00    0.1635090312E+00   -0.1516940113E-02
          66    0.1069353570E+01   -0.4642564982E+00   -0.1261241218E+01
          67    0.8506363370E+00    0.1622395890E+00   -0.1559449566E-02
          68    0.9917114829E+00    0.5555523132E+00   -0.4769372554E-04
          69    0.9068322987E+00   -0.1412158514E+00   -0.7087695002E+00
          70    0.1023250641E+01   -0.4956153368E+00   -0.1553103031E-03
          71    0.1623159179E+01   -0.2784216658E+00   -0.7072406227E-01
          72    0.8973769901E+00   -0.1436115115E+00   -0.1103278933E+01
          73    0.1066881156E+01   -0.4747861339E+00   -0.6883316188E+00
          74   -0.3288818041E-01   -0.2743833496E+00   -0.2856132425E+01
          75    0.8471988775E+00    0.1629212189E+00   -0.1511733201E-02
          76    0.8938288876E+00   -0.1422461490E+00   -0.1424862912E+00
          77    0.1611744383E+01   -0.2775850099E+00   -0.2110719052E-01
          78    0.9136546596E+00    0.5552025641E+00   -0.4337387347E-04
          79    0.8961640541E+00   -0.1455769427E+00   -0.7202768043E+00
          80    0.8947938667E+00   -0.1439699752E+00   -0.1081765727E+01
          81    0.1040447685E+01    0.3046997790E+00   -0.1092707824E+01
          82    0.1155049739E+01   -0.2620200215E+00   -0.1131049084E+01
          83    0.8453963241E+00    0.1623075435E+00   -0.1503768145E-02
          84    0.1043181407E+01    0.3083083740E+00   -0.2126938153E+01
          85    0.7636020999E+00   -0.2536179776E+00    0.6467939340E+00
          86    0.1154154799E+01   -0.2629367857E+00   -0.1114910604E+01
          87    0.1038992948E+01    0.3055351630E+00   -0.1076485494E+01
          88    0.1044735600E+01    0.3105080419E+00   -0.3731833748E-04
          89    0.8886654481E+00   -0.1420960571E+00   -0.1387102375E+00
          90    0.1063046306E+01   -0.4618367853E+00   -0.5604119906E+00
          91    0.8587338905E+00    0.1557157662E+00   -0.1058074343E-01
          92    0.1886918701E+01   -0.2855846897E+00    0.9881998213E+00
          93    0.2214578614E+01   -0.2681010639E+00   -0.9225943863E+00
          94    0.7988314176E+00    0.1541263210E+00   -0.3769506062E-04
          95    0.1031485397E+01    0.3261332934E+00   -0.1272363349E-02
          96    0.1568452947E+01   -0.2768144920E+00    0.2971942526E+00
          97    0.1571523794E+01   -0.2765409681E+00    0.2998797732E+00
          98    0.1040979491E+01    0.3134624536E+00   -0.6758846337E+00
          99    0.1040972805E+01    0.3135245547E+00   -0.6753320712E+00
         100    0.1040963366E+01    0.3135195013E+00   -0.6753076457E+00
