Model_ID, [(c_i,i=0,n)_j,j=1,ntask]
           1    0.7471046834E+00   -0.1618918385E+00   -0.5358729982E-02   -0.3274504759E+02
           2    0.7517127177E+00   -0.1611814819E+00   -0.5360829653E-02    0.3294487034E+02
           3    0.7559084318E+00   -0.1605650194E+00   -0.5364252311E-02    0.3313273019E+02
           4    0.7524082319E+00   -0.1628579664E+00   -0.5397926594E-02    0.3321003429E+02
           5    0.7641525017E+00   -0.1503957021E+00   -0.1385421041E-02    0.2781429416E+01
           6    0.7641510595E+00   -0.1503925904E+00   -0.1385408958E-02    0.8739418700E+01
           7    0.7704205808E+00   -0.1526945875E+00   -0.1354053137E-02    0.2588707324E+01
           8    0.7704201303E+00   -0.1526916929E+00   -0.1354039865E-02    0.8133800689E+01
           9    0.7730819004E+00   -0.1544485529E+00   -0.5196061447E-02    0.3870728820E+02
          10    0.8002151089E+00   -0.1631197471E+00   -0.1421798565E-02    0.1867625138E+03
          11    0.7519105934E+00   -0.1635031076E+00   -0.5418023795E-02   -0.3531175247E+02
          12    0.8474621218E+00   -0.1560219695E+00   -0.5781191894E-02    0.3048182893E+02
          13    0.7511227945E+00   -0.1638380001E+00   -0.5455294737E-02    0.3616317242E+02
          14    0.7738271225E+00   -0.1521062651E+00   -0.5309946399E-02    0.2576089707E+01
          15    0.7738265079E+00   -0.1521033865E+00   -0.5309895066E-02    0.8094165553E+01
          16    0.8399769535E+00   -0.1537927626E+00   -0.5365474522E-02    0.4947421219E+02
          17    0.1695971863E+01   -0.3518610190E+00    0.3222163914E+00   -0.1090219169E-02
          18    0.7613025762E+00   -0.1605060626E+00   -0.1332384024E-02    0.3025671389E+02
          19    0.8408964509E+00   -0.1536774720E+00   -0.5369384912E-02    0.4967041220E+02
          20    0.7575688078E+00   -0.1610601809E+00   -0.1331164100E-02    0.3005237434E+02
          21    0.7535484628E+00   -0.1616934995E+00   -0.1330075662E-02   -0.2981559266E+02
          22    0.1693687737E+01   -0.3486129873E+00    0.3200793935E+00   -0.1126306305E-02
          23    0.6619458132E+00   -0.1638315740E+00   -0.5475508552E-02   -0.1023426103E+01
          24    0.7978181097E+00   -0.1611695895E+00   -0.1442421267E-02    0.1941793600E+03
          25    0.1713797407E+01   -0.3467125386E+00    0.3298758963E+00   -0.4287614076E-02
          26    0.8040218334E+00   -0.1624527721E+00   -0.5580629578E-02    0.1855097764E+03
          27    0.7389015800E+00   -0.1568410547E+00   -0.5346096114E-02   -0.5305451954E+02
          28    0.7448165571E+00   -0.1606535806E+00   -0.5280317738E-02    0.1345130017E+03
          29    0.7976908757E+00   -0.1556102892E+00   -0.5024066786E-02    0.4415680314E+02
          30    0.7564786744E+00   -0.1602944653E+00   -0.5793735566E-02    0.5852569654E+02
          31    0.7795016768E+00   -0.1569623756E+00   -0.5076591459E-02    0.1463244787E+03
          32    0.7455973704E+00   -0.1599206635E+00   -0.5237776141E-02    0.1233653339E+03
          33    0.7545854792E+00   -0.1587406552E+00   -0.1354619704E-02    0.3224344677E+02
          34    0.7507376297E+00   -0.1593214173E+00   -0.1352627072E-02    0.3197796445E+02
          35    0.7590658116E+00   -0.1625519363E+00   -0.1339525727E-02    0.3009418389E+02
          36    0.8050126599E+00   -0.1571692800E+00   -0.5283502546E-02    0.1472449097E+03
          37    0.7217866687E+00   -0.1578789165E+00   -0.5496994405E-02   -0.1012092741E+01
          38    0.7466183122E+00   -0.1599812027E+00   -0.1350572268E-02   -0.3166865582E+02
          39    0.7569111554E+00   -0.1633393210E+00   -0.1352591113E-02   -0.3263999256E+02
          40    0.7479785858E+00   -0.1618823163E+00   -0.1381500999E-02   -0.3538344694E+02
          41    0.7470829066E+00   -0.1622208978E+00   -0.1391826999E-02    0.3627958848E+02
          42    0.7563822568E+00   -0.1636442826E+00   -0.1361497556E-02    0.3337994122E+02
          43    0.7976879101E+00   -0.1560632732E+00   -0.1266868114E-02    0.4205932748E+02
          44    0.7478576096E+00   -0.1513802680E+00   -0.1431622159E-02    0.2855184776E+01
          45    0.7478552905E+00   -0.1513770525E+00   -0.1431614441E-02    0.8971260237E+01
          46    0.6710818205E+00   -0.1638099591E+00   -0.1372774882E-02   -0.9606101127E+00
          47    0.7443329227E+00   -0.1508639833E+00   -0.1441854711E-02    0.2927150323E+01
          48    0.7443303742E+00   -0.1508606884E+00   -0.1441848135E-02    0.9197403737E+01
          49    0.7406522461E+00   -0.1503190054E+00   -0.1450971067E-02    0.9428138696E+01
          50    0.7406550132E+00   -0.1503223810E+00   -0.1450976264E-02    0.3000576867E+01
          51    0.7652942892E+00   -0.1527171215E+00   -0.1422188306E-02    0.2526014999E+01
          52    0.7652934532E+00   -0.1527142901E+00   -0.1422176481E-02    0.7936862775E+01
          53    0.7777107084E+00   -0.1548996252E+00   -0.1291629758E-02    0.3508315698E+02
          54    0.7561294372E+00   -0.1513521591E+00   -0.1452040249E-02    0.2716414827E+01
          55    0.7561277586E+00   -0.1513491069E+00   -0.1452029527E-02    0.8535174153E+01
          56    0.7754146303E+00   -0.1489812367E+00   -0.7948370285E+00    0.2680035323E+03
          57    0.7528449301E+00   -0.1508269673E+00   -0.1463163512E-02    0.2784467216E+01
          58    0.7528429992E+00   -0.1508238382E+00   -0.1463153419E-02    0.8749020139E+01
          59    0.8282400470E+00   -0.1587655812E+00   -0.1413860359E-02    0.1204206228E+03
          60    0.7493944540E+00   -0.1502753616E+00   -0.1473134741E-02    0.2854140797E+01
          61    0.7493922801E+00   -0.1502721544E+00   -0.1473125479E-02    0.8967960786E+01
          62    0.1614744010E+01   -0.3500250499E+00   -0.1638270904E-01   -0.4622864922E-02
          63    0.1620069173E+01   -0.3511370923E+00   -0.5465432899E-01   -0.4593732771E-02
          64    0.8249662747E+00   -0.1568335670E+00   -0.1449231856E-02    0.1312645162E+03
          65    0.7866538693E+00   -0.1607525450E+00   -0.5349720899E-02    0.2687081364E+02
          66    0.6557343721E+00   -0.1623052876E+00   -0.1400834377E-02   -0.1036595464E+01
          67    0.8376521591E+00   -0.1624957625E+00   -0.1480842288E-02    0.1437284225E+03
          68    0.7523425831E+00   -0.1608692108E+00   -0.1359560960E-02    0.3196367221E+02
          69    0.8394025598E+00   -0.1628684997E+00   -0.1491484947E-02    0.1530661823E+03
          70    0.7814368178E+00   -0.1573077594E+00   -0.1275912262E-02    0.1373482488E+03
          71    0.8350788848E+00   -0.1608076570E+00   -0.1523673003E-02    0.1572101408E+03
          72    0.8201991013E+00   -0.1607783258E+00   -0.1415678918E-02    0.4518192888E+03
          73    0.7347141012E+00   -0.1473690512E+00   -0.1283182275E-02    0.9996127661E+01
          74    0.7347172088E+00   -0.1473726217E+00   -0.1283184641E-02    0.3181333765E+01
          75    0.8369393591E+00   -0.1612061555E+00   -0.1535761927E-02    0.1676331494E+03
          76    0.8284462331E+00   -0.1579379164E+00   -0.1410270911E-02    0.1198928572E+03
          77    0.8249609726E+00   -0.1559424778E+00   -0.1445658009E-02    0.1311166733E+03
          78    0.1594316608E+01   -0.3476770641E+00    0.2345424658E+00   -0.4742976416E-02
          79    0.8549763769E+00   -0.1628212795E+00   -0.1578506572E-02   -0.2736115422E+03
          80    0.7498683914E+00   -0.1607466832E+00   -0.1323372654E-02    0.1251740319E+03
          81    0.1591136413E+01   -0.3568455700E+00   -0.1580228191E-01   -0.1165957384E-02
          82    0.1596943274E+01   -0.3474395378E+00    0.2367168533E+00   -0.4745145362E-02
          83    0.8305953476E+00   -0.1582725879E+00   -0.5593565216E-02    0.1237978825E+03
          84    0.1567113794E+01   -0.3549548603E+00   -0.2202412641E+00   -0.1203124382E-02
          85    0.1566584790E+01   -0.3549296610E+00    0.2220269276E+00   -0.1202386285E-02
          86    0.7856139788E+00   -0.1590321509E+00   -0.5391208319E-02    0.2217291711E+03
          87    0.1565418215E+01   -0.3549585370E+00   -0.2208079585E+00   -0.1203861509E-02
          88    0.1565392826E+01   -0.3549557746E+00   -0.2208125712E+00   -0.1203874860E-02
          89    0.1565384299E+01   -0.3549562159E+00   -0.2208056469E+00   -0.1203885158E-02
          90    0.1565375772E+01   -0.3549566574E+00   -0.2207987228E+00   -0.1203895455E-02
          91    0.1565350326E+01   -0.3549539136E+00   -0.2208033084E+00   -0.1203908834E-02
          92    0.7857384533E+00   -0.1590410548E+00   -0.5395889165E-02    0.2217168541E+03
          93    0.7505651743E+00   -0.1600614712E+00   -0.1313283761E-02    0.1148416516E+03
          94    0.1564178411E+01   -0.3549884004E+00   -0.2195892276E+00   -0.1205376494E-02
          95    0.7873451742E+00   -0.1610084352E+00   -0.1347780726E-02    0.2557152832E+02
          96    0.1998948846E+00   -0.3511969871E+00   -0.5203476957E+01   -0.1119784778E-02
          97    0.8707126180E+00   -0.3246924808E+00    0.9463096774E-01   -0.3820042439E-04
          98    0.8566300031E+00   -0.1629621755E+00   -0.1584864819E-02   -0.2817334777E+03
          99    0.1585590706E+01   -0.3487183095E+00    0.2288689468E+00   -0.4750712561E-02
         100    0.1573141061E+01   -0.3543145826E+00    0.2268290793E+00   -0.1198295594E-02
