     Index              y_true              y_pred        descriptor_1
         1    0.5330181560E+00    0.9452676035E+00    0.1799874017E+00
         2    0.7650572350E+00    0.1098851958E+01   -0.3937307773E+00
         3    0.6684919800E+00    0.1002744580E+01   -0.3471927387E-01
         4    0.7459270490E+00    0.1133505552E+01   -0.5231801406E+00
         5    0.6939732320E+00    0.1083729031E+01   -0.3372387053E+00
         6    0.1123038603E+01    0.1189608465E+01   -0.7327539678E+00
         7    0.6448720580E+00    0.1008370982E+01   -0.5573684016E-01
         8    0.8951291350E+00    0.1138975657E+01   -0.5436138530E+00
         9    0.8720895700E+00    0.1092413985E+01   -0.3696815666E+00
        10    0.8040688430E+00    0.1127067579E+01   -0.4991309299E+00
        11    0.7757144760E+00    0.1083729031E+01   -0.3372387053E+00
        12    0.6863945580E+00    0.1043024576E+01   -0.1851862034E+00
        13    0.8147524580E+00    0.1205386258E+01   -0.7916923048E+00
        14    0.6601638610E+00    0.1074781583E+01   -0.3038152920E+00
        15    0.8903868480E+00    0.1158824585E+01   -0.6177600184E+00
        16    0.1117630319E+01    0.1219947774E+01   -0.8460872111E+00
        17    0.9303322740E+00    0.1172210705E+01   -0.6677642006E+00
        18    0.9780814260E+00    0.1172210705E+01   -0.6677642006E+00
        19    0.9744903990E+00    0.1128311939E+01   -0.5037792685E+00
        20    0.9070803020E+00    0.1162965533E+01   -0.6332286318E+00
        21    0.9877308920E+00    0.1162965533E+01   -0.6332286318E+00
        22    0.9333789130E+00    0.1238621306E+01   -0.9158426525E+00
        23    0.9028070030E+00    0.1194722540E+01   -0.7518577203E+00
        24    0.9812644620E+00    0.1238621306E+01   -0.9158426525E+00
        25    0.9971546060E+00    0.1194722540E+01   -0.7518577203E+00
        26    0.9337418860E+00    0.1153862565E+01   -0.5992242673E+00
        27    0.8223886330E+00    0.1115486037E+01   -0.4558677938E+00
        28    0.9944004230E+00    0.1224121556E+01   -0.8616784776E+00
        29    0.1058331164E+01    0.1245613928E+01   -0.9419637656E+00
        30    0.9543756420E+00    0.1200326567E+01   -0.7727917041E+00
        31    0.9940212870E+00    0.1158680541E+01   -0.6172219378E+00
        32    0.1111249766E+01    0.1245613928E+01   -0.9419637656E+00
        33    0.8405589810E+00    0.1083510195E+01   -0.3364212381E+00
        34    0.9557065150E+00    0.1193334135E+01   -0.7466713011E+00
        35    0.7999844320E+00    0.1118163789E+01   -0.4658706014E+00
        36    0.1011915204E+01    0.1193334135E+01   -0.7466713011E+00
        37    0.1166193745E+01    0.1280267522E+01   -0.1071413129E+01
        38    0.8335985850E+00    0.1149920796E+01   -0.5844996899E+00
        39    0.1033415076E+01    0.1266737168E+01   -0.1020870156E+01
        40    0.9922741040E+00    0.1225091142E+01   -0.8653003896E+00
        41    0.9714315640E+00    0.1186327966E+01   -0.7204995818E+00
        42    0.8607430470E+00    0.1149920796E+01   -0.5844996899E+00
        43    0.9359528220E+00    0.1149920796E+01   -0.5844996899E+00
        44    0.8250073490E+00    0.1179319812E+01   -0.6943204472E+00
        45    0.8666041810E+00    0.1179319812E+01   -0.6943204472E+00
        46    0.1046079090E+01    0.1215726983E+01   -0.8303203391E+00
        47    0.9011571690E+00    0.1255261421E+01   -0.9780022173E+00
        48    0.8256932940E+00    0.1180091075E+01   -0.6972015176E+00
        49    0.1026581306E+01    0.1224515469E+01   -0.8631499466E+00
        50    0.1065672895E+01    0.1224515469E+01   -0.8631499466E+00
        51    0.1097754042E+01    0.1184807541E+01   -0.7148199946E+00
        52    0.1017595671E+01    0.1147848303E+01   -0.5767578415E+00
        53    0.9537272880E+00    0.1147789022E+01   -0.5765363954E+00
        54    0.1082797442E+01    0.1290926069E+01   -0.1111228398E+01
        55    0.9412543120E+00    0.1179546028E+01   -0.6951654840E+00
        56    0.1142203276E+01    0.1290926069E+01   -0.1111228398E+01
        57    0.9494693120E+00    0.1208945045E+01   -0.8049862413E+00
        58    0.1131676110E+01    0.1280617158E+01   -0.1072719204E+01
        59    0.1132038739E+01    0.1308052467E+01   -0.1175204482E+01
        60    0.1124946498E+01    0.1228219969E+01   -0.8769882004E+00
        61    0.1073837830E+01    0.1245613928E+01   -0.9419637656E+00
        62    0.1215438767E+01    0.1286955443E+01   -0.1096396023E+01
        63    0.1238501220E+01    0.1286955443E+01   -0.1096396023E+01
        64    0.1175085314E+01    0.1245613928E+01   -0.9419637656E+00
        65    0.1176600873E+01    0.1321609037E+01   -0.1225845386E+01
        66    0.1162153250E+01    0.1280267522E+01   -0.1071413129E+01
        67    0.1144471643E+01    0.1242250075E+01   -0.9293980120E+00
        68    0.1210064411E+01    0.1280267522E+01   -0.1071413129E+01
        69    0.1150448585E+01    0.1312024528E+01   -0.1190042217E+01
        70    0.1183161542E+01    0.1312024528E+01   -0.1190042217E+01
        71    0.1154692047E+01    0.1274007082E+01   -0.1048027101E+01
        72    0.1198415083E+01    0.1312024528E+01   -0.1190042217E+01
        73    0.1199862232E+01    0.1238621306E+01   -0.9158426525E+00
        74    0.1157553123E+01    0.1303406099E+01   -0.1157847858E+01
        75    0.1074349053E+01    0.1234785274E+01   -0.9015130621E+00
        76    0.1201215953E+01    0.1303406099E+01   -0.1157847858E+01
        77    0.1071881661E+01    0.1321225559E+01   -0.1224412894E+01
        78    0.1052991973E+01    0.1287990511E+01   -0.1100262547E+01
        79    0.1121494245E+01    0.1287990511E+01   -0.1100262547E+01
        80    0.1161381516E+01    0.1236297134E+01   -0.9071606509E+00
        81    0.1261100078E+01    0.1303948163E+01   -0.1159872753E+01
        82    0.1029103684E+01    0.1161773784E+01   -0.6287768230E+00
        83    0.1271803459E+01    0.1338601757E+01   -0.1289322116E+01
        84    0.1228426257E+01    0.1298882115E+01   -0.1140948403E+01
        85    0.1220446402E+01    0.1228358579E+01   -0.8775059820E+00
        86    0.1294854271E+01    0.1338601757E+01   -0.1289322116E+01
        87    0.1235963879E+01    0.1298882115E+01   -0.1140948403E+01
        88    0.1154101557E+01    0.1294113140E+01   -0.1123133780E+01
        89    0.1173198940E+01    0.1260115586E+01   -0.9961350705E+00
        90    0.1138563491E+01    0.1228184385E+01   -0.8768552748E+00
        91    0.1255388027E+01    0.1260115586E+01   -0.9961350705E+00
        92    0.1159797050E+01    0.1228184385E+01   -0.8768552748E+00
        93    0.1142003735E+01    0.1289514602E+01   -0.1105955828E+01
        94    0.1190420141E+01    0.1323512157E+01   -0.1232954538E+01
        95    0.1206571952E+01    0.1289514602E+01   -0.1105955828E+01
        96    0.1137497746E+01    0.1316949911E+01   -0.1208441106E+01
        97    0.1173098699E+01    0.1285018710E+01   -0.1089161310E+01
        98    0.1248321018E+01    0.1316949911E+01   -0.1208441106E+01
        99    0.1128982925E+01    0.1310788638E+01   -0.1185425517E+01
       100    0.1170611891E+01    0.1310788638E+01   -0.1185425517E+01
       101    0.1112717795E+01    0.1367056204E+01   -0.1395614409E+01
       102    0.1139969414E+01    0.1335125003E+01   -0.1276334613E+01
       103    0.1287188650E+01    0.1319086049E+01   -0.1216420703E+01
       104    0.1068982026E+01    0.1182083389E+01   -0.7046438594E+00
       105    0.1133411985E+01    0.1216736984E+01   -0.8340932227E+00
       106    0.1267757798E+01    0.1315464838E+01   -0.1202893579E+01
       107    0.1229972086E+01    0.1277893007E+01   -0.1062543069E+01
       108    0.1186147186E+01    0.1305328315E+01   -0.1165028347E+01
       109    0.1236144088E+01    0.1361867918E+01   -0.1376233441E+01
       110    0.1226436247E+01    0.1386204283E+01   -0.1467142537E+01
       111    0.1180095923E+01    0.1360541158E+01   -0.1371277295E+01
       112    0.1209179578E+01    0.1360541158E+01   -0.1371277295E+01
       113    0.1277910168E+01    0.1332683711E+01   -0.1267215108E+01
       114    0.1261313025E+01    0.1261702898E+01   -0.1002064515E+01
       115    0.1313990836E+01    0.1332683711E+01   -0.1267215108E+01
       116    0.1253258462E+01    0.1295706736E+01   -0.1129086698E+01
       117    0.1318586076E+01    0.1261702898E+01   -0.1002064515E+01
       118    0.1265138072E+01    0.1230052898E+01   -0.8838351508E+00
       119    0.1131022211E+01    0.1200326567E+01   -0.7727917041E+00
       120    0.1293577982E+01    0.1367337305E+01   -0.1396664471E+01
       121    0.1282379401E+01    0.1330360330E+01   -0.1258536061E+01
       122    0.1246500173E+01    0.1296356492E+01   -0.1131513879E+01
       123    0.1288522647E+01    0.1264706492E+01   -0.1013284514E+01
       124    0.1199614068E+01    0.1234980161E+01   -0.9022410674E+00
       125    0.1340287634E+01    0.1367337305E+01   -0.1396664471E+01
       126    0.1304671229E+01    0.1330360330E+01   -0.1258536061E+01
       127    0.1306825712E+01    0.1362117337E+01   -0.1377165149E+01
       128    0.1248603488E+01    0.1328113499E+01   -0.1250142967E+01
       129    0.1278199752E+01    0.1296463499E+01   -0.1131913603E+01
       130    0.1249384501E+01    0.1266737168E+01   -0.1020870156E+01
       131    0.1323635863E+01    0.1362117337E+01   -0.1377165149E+01
       132    0.1319588715E+01    0.1296463499E+01   -0.1131913603E+01
       133    0.1258877043E+01    0.1266737168E+01   -0.1020870156E+01
       134    0.1247163425E+01    0.1357512516E+01   -0.1359963725E+01
       135    0.1251040859E+01    0.1325862515E+01   -0.1241734360E+01
       136    0.1257726646E+01    0.1296136184E+01   -0.1130690913E+01
       137    0.1276734016E+01    0.1357512516E+01   -0.1359963725E+01
       138    0.1296671171E+01    0.1325862515E+01   -0.1241734360E+01
       139    0.1279163675E+01    0.1296136184E+01   -0.1130690913E+01
       140    0.1250650922E+01    0.1384947824E+01   -0.1462449003E+01
       141    0.1243627711E+01    0.1353297824E+01   -0.1344219638E+01
       142    0.1243441192E+01    0.1323571493E+01   -0.1233176191E+01
       143    0.1279494578E+01    0.1384947824E+01   -0.1462449003E+01
       144    0.1273794446E+01    0.1323571493E+01   -0.1233176191E+01
       145    0.1223983330E+01    0.1379067751E+01   -0.1440483844E+01
       146    0.1278853304E+01    0.1379067751E+01   -0.1440483844E+01
       147    0.1264029673E+01    0.1349341421E+01   -0.1329440398E+01
       148    0.1237773687E+01    0.1373677786E+01   -0.1420349494E+01
       149    0.1259736077E+01    0.1403404116E+01   -0.1531392941E+01
       150    0.1265410494E+01    0.1373677786E+01   -0.1420349494E+01
       151    0.1230637042E+01    0.1396764724E+01   -0.1506591328E+01
       152    0.1301933776E+01    0.1344985785E+01   -0.1313169813E+01
       153    0.1219972977E+01    0.1309182983E+01   -0.1179427555E+01
       154    0.1292750945E+01    0.1276258909E+01   -0.1056438856E+01
       155    0.1297214659E+01    0.1245613928E+01   -0.9419637656E+00
       156    0.1156631073E+01    0.1216831532E+01   -0.8344464107E+00
       157    0.1284347135E+01    0.1309182983E+01   -0.1179427555E+01
       158    0.1330274438E+01    0.1276258909E+01   -0.1056438856E+01
       159    0.1167516683E+01    0.1216831532E+01   -0.8344464107E+00
       160    0.1328019727E+01    0.1379639380E+01   -0.1442619176E+01
       161    0.1309011924E+01    0.1343836577E+01   -0.1308876918E+01
       162    0.1314491867E+01    0.1280267522E+01   -0.1071413129E+01
       163    0.1371790285E+01    0.1379639380E+01   -0.1442619176E+01
       164    0.1343467618E+01    0.1280267522E+01   -0.1071413129E+01
       165    0.1251690299E+01    0.1251485126E+01   -0.9638957740E+00
       166    0.1336093858E+01    0.1375593584E+01   -0.1427506007E+01
       167    0.1324345094E+01    0.1312024528E+01   -0.1190042217E+01
       168    0.1297613569E+01    0.1283242133E+01   -0.1082524863E+01
       169    0.1330433560E+01    0.1342669510E+01   -0.1304517307E+01
       170    0.1363891919E+01    0.1312024528E+01   -0.1190042217E+01
       171    0.1308090797E+01    0.1283242133E+01   -0.1082524863E+01
       172    0.1291213212E+01    0.1372068526E+01   -0.1414338065E+01
       173    0.1314795502E+01    0.1341423545E+01   -0.1299862975E+01
       174    0.1309760257E+01    0.1372068526E+01   -0.1414338065E+01
       175    0.1346107418E+01    0.1341423545E+01   -0.1299862975E+01
       176    0.1324501592E+01    0.1312641149E+01   -0.1192345620E+01
       177    0.1287726905E+01    0.1399503835E+01   -0.1516823343E+01
       178    0.1292750683E+01    0.1340076458E+01   -0.1294830898E+01
       179    0.1308740320E+01    0.1399503835E+01   -0.1516823343E+01
       180    0.1331140351E+01    0.1368858854E+01   -0.1402348253E+01
       181    0.1309795904E+01    0.1340076458E+01   -0.1294830898E+01
       182    0.1267104614E+01    0.1394628781E+01   -0.1498612459E+01
       183    0.1289311457E+01    0.1365846386E+01   -0.1391095104E+01
       184    0.1309782299E+01    0.1394628781E+01   -0.1498612459E+01
       185    0.1311749990E+01    0.1365846386E+01   -0.1391095104E+01
       186    0.1254454776E+01    0.1418965146E+01   -0.1589521556E+01
       187    0.1278822412E+01    0.1390182751E+01   -0.1482004201E+01
       188    0.1289254102E+01    0.1418965146E+01   -0.1589521556E+01
       189    0.1308528765E+01    0.1390182751E+01   -0.1482004201E+01
       190    0.1289832024E+01    0.1413269689E+01   -0.1568246034E+01
       191    0.1310200602E+01    0.1356185752E+01   -0.1355007568E+01
       192    0.1274438356E+01    0.1321451933E+01   -0.1225258520E+01
       193    0.1328666541E+01    0.1289510889E+01   -0.1105941956E+01
       194    0.1337414505E+01    0.1259780890E+01   -0.9948848062E+00
       195    0.1193649722E+01    0.1231857865E+01   -0.8905776508E+00
       196    0.1345685085E+01    0.1356105527E+01   -0.1354707884E+01
       197    0.1340711703E+01    0.1324164483E+01   -0.1235391319E+01
       198    0.1372718884E+01    0.1294434484E+01   -0.1124334169E+01
       199    0.1302694782E+01    0.1266511459E+01   -0.1020027014E+01
       200    0.1367097507E+01    0.1387862533E+01   -0.1473336972E+01
       201    0.1367462537E+01    0.1326191491E+01   -0.1242963258E+01
       202    0.1333109700E+01    0.1385320506E+01   -0.1463841165E+01
       203    0.1335182570E+01    0.1355590507E+01   -0.1352784015E+01
       204    0.1322034925E+01    0.1383025816E+01   -0.1455269294E+01
       205    0.1330941187E+01    0.1355102791E+01   -0.1350962138E+01
       206    0.1295802846E+01    0.1428296022E+01   -0.1624377275E+01
       207    0.1297892038E+01    0.1332683711E+01   -0.1267215108E+01
       208    0.1383255607E+01    0.1301642596E+01   -0.1151260250E+01
       209    0.1242103026E+01    0.1245613928E+01   -0.9419637656E+00
       210    0.1378146497E+01    0.1401092511E+01   -0.1522757881E+01
       211    0.1364098613E+01    0.1367337305E+01   -0.1396664471E+01
       212    0.1345774207E+01    0.1336296190E+01   -0.1280709613E+01
       213    0.1414094866E+01    0.1307403825E+01   -0.1172781463E+01
       214    0.1335480231E+01    0.1280267522E+01   -0.1071413129E+01
       215    0.1359502783E+01    0.1368053197E+01   -0.1399338702E+01
       216    0.1361347433E+01    0.1312024528E+01   -0.1190042217E+01
       217    0.1363101793E+01    0.1368559848E+01   -0.1401231309E+01
       218    0.1373896166E+01    0.1341423545E+01   -0.1299862975E+01
       219    0.1354442808E+01    0.1424887522E+01   -0.1611644737E+01
       220    0.1354561060E+01    0.1395995157E+01   -0.1503716588E+01
       221    0.1374006135E+01    0.1368858854E+01   -0.1402348253E+01
       222    0.1338743914E+01    0.1421765084E+01   -0.1599980794E+01
       223    0.1360752251E+01    0.1394628781E+01   -0.1498612459E+01
       224    0.1320765850E+01    0.1446101449E+01   -0.1690889890E+01
       225    0.1330123202E+01    0.1442052085E+01   -0.1675763389E+01
       226    0.1351556611E+01    0.1375871574E+01   -0.1428544443E+01
       227    0.1347864184E+01    0.1343016669E+01   -0.1305814131E+01
       228    0.1420871290E+01    0.1312803467E+01   -0.1192951960E+01
       229    0.1369752192E+01    0.1284681703E+01   -0.1087902413E+01
       230    0.1274295047E+01    0.1258269165E+01   -0.9892377210E+00
       231    0.1375448402E+01    0.1377670264E+01   -0.1435263494E+01
       232    0.1410174950E+01    0.1347457061E+01   -0.1322401323E+01
       233    0.1418061626E+01    0.1319335297E+01   -0.1217351776E+01
       234    0.1413962932E+01    0.1409427270E+01   -0.1553892582E+01
       235    0.1373421604E+01    0.1379214067E+01   -0.1441030412E+01
       236    0.1425418251E+01    0.1351092304E+01   -0.1335980865E+01
       237    0.1406853406E+01    0.1324679766E+01   -0.1237316173E+01
       238    0.1377656359E+01    0.1408613084E+01   -0.1550851169E+01
       239    0.1400092802E+01    0.1380491320E+01   -0.1445801622E+01
       240    0.1412630947E+01    0.1354078783E+01   -0.1347136930E+01
       241    0.1390842981E+01    0.1407926629E+01   -0.1548286900E+01
       242    0.1400681728E+01    0.1381514091E+01   -0.1449622208E+01
       243    0.1367557618E+01    0.1433696557E+01   -0.1644551106E+01
       244    0.1388273374E+01    0.1407284019E+01   -0.1545886415E+01
       245    0.1345548828E+01    0.1458032922E+01   -0.1735460203E+01
       246    0.1382422113E+01    0.1431620384E+01   -0.1636795511E+01
       247    0.1372922776E+01    0.1352564628E+01   -0.1341480767E+01
       248    0.1416544965E+01    0.1323116441E+01   -0.1231476331E+01
       249    0.1414820474E+01    0.1295706736E+01   -0.1129086698E+01
       250    0.1270228203E+01    0.1269962979E+01   -0.1032920252E+01
       251    0.1417399081E+01    0.1419241222E+01   -0.1590552842E+01
       252    0.1397916785E+01    0.1387218222E+01   -0.1470930131E+01
       253    0.1447050584E+01    0.1357770035E+01   -0.1360925694E+01
       254    0.1452413797E+01    0.1330360330E+01   -0.1258536061E+01
       255    0.1389819862E+01    0.1304616573E+01   -0.1162369615E+01
       256    0.1436600063E+01    0.1418975229E+01   -0.1589559219E+01
       257    0.1420549213E+01    0.1389527041E+01   -0.1479554782E+01
       258    0.1453066518E+01    0.1362117337E+01   -0.1377165149E+01
       259    0.1434502871E+01    0.1336373580E+01   -0.1280998704E+01
       260    0.1417766434E+01    0.1391516353E+01   -0.1486985907E+01
       261    0.1447654713E+01    0.1365772596E+01   -0.1390819461E+01
       262    0.1404276286E+01    0.1446361366E+01   -0.1691860818E+01
       263    0.1416537790E+01    0.1418951662E+01   -0.1589471185E+01
       264    0.1429559461E+01    0.1393207905E+01   -0.1493304739E+01
       265    0.1406422019E+01    0.1444721590E+01   -0.1685735391E+01
       266    0.1421355888E+01    0.1418977832E+01   -0.1589568945E+01
       267    0.1381375333E+01    0.1469057955E+01   -0.1776644488E+01
       268    0.1402858217E+01    0.1443314197E+01   -0.1680478042E+01
       269    0.1547181646E+01    0.1332683711E+01   -0.1267215108E+01
       270    0.9535863910E+00    0.1049075437E+01   -0.2077893420E+00
       271    0.1245338208E+01    0.1107541167E+01   -0.4261895344E+00
       272    0.6100633000E+00    0.7579581952E+00    0.8796863570E+00
       273    0.6826667500E+00    0.7579581952E+00    0.8796863570E+00
       274    0.5185346720E+00    0.8450279785E+00    0.5544350149E+00
       275    0.3011722980E+00    0.4065432192E+00    0.2192405744E+01
       276    0.2325735330E+00    0.2684704588E+00    0.2708179976E+01
       277    0.2826828770E+00    0.2100047280E+00    0.2926580168E+01
       278    0.1841239560E+00    0.2100047280E+00    0.2926580168E+01
       279    0.1635460110E+00    0.2622988945E+00    0.2731234008E+01
       280    0.1622353020E+00    0.1752291112E+00    0.3056485350E+01
       281    0.2468148980E+00    0.2622988945E+00    0.2731234008E+01
       282    0.2341624580E+00    0.3715635107E-01    0.3572259581E+01
       283    0.1682773920E+00    0.1752291112E+00    0.3056485350E+01
       284    0.1544400580E+00    0.3715635107E-01    0.3572259581E+01
       285    0.1274745250E+00    0.1752291112E+00    0.3056485350E+01
       286    0.2511576790E+00    0.2622988945E+00    0.2731234008E+01
       287    0.1710773730E+00   -0.6704894491E-01    0.3961521057E+01
       288    0.3298780980E+00    0.9342406113E-01    0.3362070150E+01
       289    0.2202380950E+00   -0.1317184823E+00    0.4203095723E+01
       290    0.1110082690E+00    0.6354277832E-02    0.3687321492E+01
       291    0.1405113080E+00   -0.1317184823E+00    0.4203095723E+01
       292    0.3269762910E+00    0.9342406113E-01    0.3362070150E+01
       293    0.1286194210E+00    0.6354277832E-02    0.3687321492E+01
       294    0.1443352298E+01    0.1245613928E+01   -0.9419637656E+00
       295    0.1483251231E+01    0.1189608465E+01   -0.7327539678E+00
       296    0.1339557717E+01    0.1114891525E+01   -0.4536469764E+00
       297    0.1369749574E+01    0.1178460580E+01   -0.6911107655E+00
       298    0.1362132238E+01    0.1058886062E+01   -0.2444371786E+00
       299    0.1082993833E+01    0.1008253254E+01   -0.5529706379E-01
       300    0.1522943751E+01    0.1253865224E+01   -0.9727866900E+00
       301    0.6034834780E+00    0.8132169159E+00    0.6732660308E+00
       302    0.2264357190E+00    0.4529581647E+00    0.2019021560E+01
       303    0.1652540620E+00    0.5283628087E+00    0.1737345636E+01
       304    0.2060207240E+00    0.2827508386E+00    0.2654835262E+01
       305    0.2109250400E+00    0.2827508386E+00    0.2654835262E+01
       306    0.3226931310E+00    0.3237946423E+00    0.2501515112E+01
       307    0.2349385800E+00    0.1848209424E+00    0.3020654826E+01
       308    0.1728826780E+00    0.1848209424E+00    0.3020654826E+01
       309    0.1615346380E+01    0.1295706736E+01   -0.1129086698E+01
       310    0.1597114150E+01    0.1352564628E+01   -0.1341480767E+01
       311    0.1379044842E+01    0.1457721173E+01   -0.1734295657E+01
       312    0.1415827076E+01    0.1350770472E+01   -0.1334778655E+01
       313    0.1526309587E+01    0.1400863281E+01   -0.1521901587E+01
       314    0.1151824552E+01    0.1116337878E+01   -0.4590498636E+00
       315    0.1305478432E+01    0.1048893913E+01   -0.2071112574E+00
       316    0.5298426890E+00    0.6536419148E+00    0.1269362418E+01
       317    0.2203301580E+00    0.3180002469E+00    0.2523160220E+01
       318    0.1579912486E+01    0.1384587627E+01   -0.1461103479E+01
       319    0.1557526342E+01    0.1245613928E+01   -0.9419637656E+00
       320    0.1688323499E+01    0.1332683711E+01   -0.1267215108E+01
       321    0.1444724980E+01    0.1245613928E+01   -0.9419637656E+00
       322    0.1591468136E+01    0.1392111987E+01   -0.1489210912E+01
       323    0.1302227004E+01    0.1348616910E+01   -0.1326733969E+01
       324    0.1430471461E+01    0.1296712994E+01   -0.1132845598E+01
       325    0.8347950430E+00    0.1018250438E+01   -0.9264179351E-01
       326    0.1453637332E+01    0.9047788875E+00    0.3312340076E+00
       327    0.9395562070E+00    0.8177091042E+00    0.6564853497E+00
       328    0.5378966840E+00    0.6807279716E+00    0.1168181779E+01
       329    0.5746130890E+00    0.6288240552E+00    0.1362070150E+01
       330    0.1633170109E+01    0.1424242594E+01   -0.1609235592E+01
       331    0.1443226538E+01    0.1655347965E+01   -0.2472535459E+01
       332    0.1401871839E+01    0.1067066418E+01   -0.2749951003E+00
       333    0.6637284800E+00    0.9410834505E+00    0.1956174093E+00
       334    0.4526904260E+00    0.7936930579E+00    0.7461978881E+00
       335    0.1760274198E+01    0.1588013418E+01   -0.2221005581E+01
       336    0.1493989109E+01    0.1671728397E+01   -0.2533724968E+01
       337    0.1522183395E+01    0.1533857309E+01   -0.2018704089E+01
       338    0.1586082646E+01    0.1498054507E+01   -0.1884961831E+01
       339    0.7518554950E+00    0.1135930547E+01   -0.5322387669E+00
       340    0.1341351122E+01    0.1037661301E+01   -0.1651515548E+00
       341    0.1798910248E+01    0.1403775891E+01   -0.1532781716E+01
       342    0.1776764192E+01    0.1366438916E+01   -0.1393308517E+01
       343    0.1775353250E+01    0.1601581569E+01   -0.2271689748E+01
       344    0.1463180419E+01    0.1618351061E+01   -0.2334332601E+01
       345    0.1161822191E+01    0.1277695600E+01   -0.1061805651E+01
       346    0.1364236095E+01    0.1235316230E+01   -0.9034964581E+00
       347    0.1448629634E+01    0.1164224049E+01   -0.6379298499E+00
       348    0.1649342938E+01    0.1573459151E+01   -0.2166637756E+01
       349    0.1654095943E+01    0.1541436152E+01   -0.2047015044E+01
       350    0.7279903400E+00    0.1049075437E+01   -0.2077893420E+00
       351    0.9882513480E+00    0.1206864299E+01   -0.7972135639E+00
       352    0.9972215830E+00    0.1254490159E+01   -0.9751211469E+00
       353    0.9108707530E+00    0.1113135428E+01   -0.4470870322E+00
       354    0.1135214197E+01    0.1259169063E+01   -0.9925993098E+00
       355    0.1089153632E+01    0.1228219969E+01   -0.8769882004E+00
       356    0.1174791632E+01    0.1268020322E+01   -0.1025663410E+01
       357    0.1052120503E+01    0.1262220583E+01   -0.1003998340E+01
       358    0.1208024082E+01    0.1264228520E+01   -0.1011499040E+01
       359    0.1042520237E+01    0.1161773784E+01   -0.6287768230E+00
       360    0.1138904555E+01    0.1350947465E+01   -0.1335439816E+01
       361    0.1196658005E+01    0.1350947465E+01   -0.1335439816E+01
       362    0.1192960468E+01    0.1248493990E+01   -0.9527223112E+00
       363    0.1228397793E+01    0.1305328315E+01   -0.1165028347E+01
       364    0.1170581703E+01    0.1386204283E+01   -0.1467142537E+01
       365    0.1404178342E+01    0.1245613928E+01   -0.9419637656E+00
       366    0.1157379916E+01    0.1172210705E+01   -0.6677642006E+00
       367    0.1054498340E+01    0.1107541167E+01   -0.4261895344E+00
       368    0.9195913600E+00    0.1049075437E+01   -0.2077893420E+00
       369    0.1623621123E+01    0.1332683711E+01   -0.1267215108E+01
       370    0.1092930713E+01    0.1107541167E+01   -0.4261895344E+00
       371    0.1617501119E+01    0.1332683711E+01   -0.1267215108E+01
       372    0.1582295656E+01    0.1245613928E+01   -0.9419637656E+00
       373    0.1313210144E+01    0.1172210705E+01   -0.6677642006E+00
       374    0.1179490956E+01    0.1107541167E+01   -0.4261895344E+00
       375    0.1576575732E+01    0.1332683711E+01   -0.1267215108E+01
       376    0.1611647704E+01    0.1245613928E+01   -0.9419637656E+00
       377    0.1347585723E+01    0.1172210705E+01   -0.6677642006E+00
       378    0.9131082420E+00    0.1049075437E+01   -0.2077893420E+00
       379    0.1608308630E+01    0.1332683711E+01   -0.1267215108E+01
       380    0.1558561878E+01    0.1245613928E+01   -0.9419637656E+00
       381    0.1381328859E+01    0.1172210705E+01   -0.6677642006E+00
       382    0.8858349940E+00    0.1049075437E+01   -0.2077893420E+00
       383    0.1630498522E+01    0.1332683711E+01   -0.1267215108E+01
       384    0.1546954712E+01    0.1245613928E+01   -0.9419637656E+00
       385    0.4955598690E+00    0.8450279785E+00    0.5544350149E+00
       386    0.4502971750E+00    0.7579581952E+00    0.8796863570E+00
       387    0.5430653340E+00    0.6845549725E+00    0.1153885922E+01
       388    0.4495732800E+00    0.6198854351E+00    0.1395460588E+01
       389    0.3615893930E+00    0.5614197041E+00    0.1613860781E+01
       390    0.5384010270E+00    0.8450279785E+00    0.5544350149E+00
       391    0.5782847610E+00    0.6845549725E+00    0.1153885922E+01
       392    0.3982142860E+00    0.6198854351E+00    0.1395460588E+01
       393    0.3556361640E+00    0.5614197041E+00    0.1613860781E+01
       394    0.5512539110E+00    0.8450279785E+00    0.5544350149E+00
       395    0.6950438020E+00    0.6845549725E+00    0.1153885922E+01
       396    0.5738180560E+00    0.6198854351E+00    0.1395460588E+01
       397    0.6115831650E+00    0.7579581952E+00    0.8796863570E+00
       398    0.6976882290E+00    0.6845549725E+00    0.1153885922E+01
       399    0.3787293790E+00    0.5614197041E+00    0.1613860781E+01
       400    0.5225143100E+00    0.8450279785E+00    0.5544350149E+00
       401    0.4767387050E+00    0.7579581952E+00    0.8796863570E+00
       402    0.5801745480E+00    0.6845549725E+00    0.1153885922E+01
       403    0.4040542110E+00    0.6198854351E+00    0.1395460588E+01
       404    0.5361934250E+00    0.8450279785E+00    0.5544350149E+00
       405    0.5006720430E+00    0.6845549725E+00    0.1153885922E+01
       406    0.4109430310E+00    0.6198854351E+00    0.1395460588E+01
       407    0.2020388390E+00    0.4065432192E+00    0.2192405744E+01
       408    0.2046459140E+00    0.3331399964E+00    0.2466605309E+01
       409    0.2026715360E+00    0.2684704588E+00    0.2708179976E+01
       410    0.2686560930E+00    0.2100047280E+00    0.2926580168E+01
       411    0.2052642420E+00    0.4936130025E+00    0.1867154402E+01
       412    0.2700115340E+00    0.4065432192E+00    0.2192405744E+01
       413    0.2308230610E+00    0.2684704588E+00    0.2708179976E+01
       414    0.2547360410E+00    0.2100047280E+00    0.2926580168E+01
       415    0.2124746450E+00    0.4936130025E+00    0.1867154402E+01
       416    0.2783283580E+00    0.3331399964E+00    0.2466605309E+01
       417    0.1573802540E+00    0.4936130025E+00    0.1867154402E+01
       418    0.2520483090E+00    0.3331399964E+00    0.2466605309E+01
       419    0.2370942040E+00    0.2684704588E+00    0.2708179976E+01
       420    0.2381650570E+00    0.2100047280E+00    0.2926580168E+01
       421    0.1410105690E+00    0.4936130025E+00    0.1867154402E+01
       422    0.2051061930E+00    0.4065432192E+00    0.2192405744E+01
       423    0.2010996900E+00    0.3331399964E+00    0.2466605309E+01
       424    0.1684095330E+00    0.4936130025E+00    0.1867154402E+01
       425    0.2761077970E+00    0.4065432192E+00    0.2192405744E+01
       426    0.2427078770E+00    0.3331399964E+00    0.2466605309E+01
       427    0.1637031560E+00    0.2684704588E+00    0.2708179976E+01
       428    0.2013807570E+00    0.2100047280E+00    0.2926580168E+01
       429    0.2115133110E+00   -0.2130937969E-01    0.3790659773E+01
       430    0.2298010890E+00    0.2622988945E+00    0.2731234008E+01
       431    0.2043954240E+00    0.1018258884E+00    0.3330684915E+01
       432    0.2348282990E+00    0.3715635107E-01    0.3572259581E+01
       433    0.2238425020E+00   -0.2130937969E-01    0.3790659773E+01
       434    0.1763325760E+00    0.1018258884E+00    0.3330684915E+01
       435    0.1601539080E+00    0.1018258884E+00    0.3330684915E+01
       436    0.2213509840E+00   -0.2130937969E-01    0.3790659773E+01
       437    0.1503362200E+00    0.1018258884E+00    0.3330684915E+01
       438    0.1717623220E+00    0.3715635107E-01    0.3572259581E+01
       439    0.1641465830E+00    0.1752291112E+00    0.3056485350E+01
       440    0.1469517200E+00    0.1018258884E+00    0.3330684915E+01
       441    0.1736719460E+00    0.3715635107E-01    0.3572259581E+01
       442    0.1991721310E+00   -0.2130937969E-01    0.3790659773E+01
       443    0.1532095160E+00    0.6354277832E-02    0.3687321492E+01
       444    0.1726735850E+00   -0.1901842133E+00    0.4421495916E+01
       445    0.2016637750E+00   -0.6704894491E-01    0.3961521057E+01
       446    0.2195671890E+00   -0.1317184823E+00    0.4203095723E+01
       447    0.2374588130E+00   -0.1901842133E+00    0.4421495916E+01
       448    0.3318650270E+00    0.9342406113E-01    0.3362070150E+01
       449    0.1439294300E+00    0.6354277832E-02    0.3687321492E+01
       450    0.1789800760E+00   -0.6704894491E-01    0.3961521057E+01
       451    0.2610090850E+00   -0.1901842133E+00    0.4421495916E+01
       452    0.3040400600E+00    0.9342406113E-01    0.3362070150E+01
       453    0.1326451790E+00   -0.6704894491E-01    0.3961521057E+01
       454    0.1758770870E+00   -0.1901842133E+00    0.4421495916E+01
       455    0.1498207890E+00   -0.6704894491E-01    0.3961521057E+01
       456    0.1578682460E+00   -0.1317184823E+00    0.4203095723E+01
       457    0.1644220650E+00   -0.1901842133E+00    0.4421495916E+01
       458    0.3443021350E+00    0.9342406113E-01    0.3362070150E+01
       459    0.1394324810E+00   -0.6704894491E-01    0.3961521057E+01
       460    0.1653527390E+00   -0.1317184823E+00    0.4203095723E+01
       461    0.1894382010E+00   -0.1901842133E+00    0.4421495916E+01
       462    0.1325481886E+01    0.1189608465E+01   -0.7327539678E+00
       463    0.1172215613E+01    0.1138975657E+01   -0.5436138530E+00
       464    0.1431387021E+01    0.1309182983E+01   -0.1179427555E+01
       465    0.1487965014E+01    0.1245613928E+01   -0.9419637656E+00
       466    0.1391174215E+01    0.1189608465E+01   -0.7327539678E+00
       467    0.1535625522E+01    0.1309182983E+01   -0.1179427555E+01
       468    0.1515373684E+01    0.1245613928E+01   -0.9419637656E+00
       469    0.1425646034E+01    0.1189608465E+01   -0.7327539678E+00
       470    0.1570547296E+01    0.1309182983E+01   -0.1179427555E+01
       471    0.1457879283E+01    0.1189608465E+01   -0.7327539678E+00
       472    0.1124541331E+01    0.1138975657E+01   -0.5436138530E+00
       473    0.1682891720E+01    0.1384587627E+01   -0.1461103479E+01
       474    0.1534607313E+01    0.1309182983E+01   -0.1179427555E+01
       475    0.1561412459E+01    0.1245613928E+01   -0.9419637656E+00
       476    0.1112668763E+01    0.1138975657E+01   -0.5436138530E+00
       477    0.1278673041E+01    0.1058886062E+01   -0.2444371786E+00
       478    0.1099070739E+01    0.1008253254E+01   -0.5529706379E-01
       479    0.1518535633E+01    0.1253865224E+01   -0.9727866900E+00
       480    0.1423602163E+01    0.1114891525E+01   -0.4536469764E+00
       481    0.1077795333E+01    0.1008253254E+01   -0.5529706379E-01
       482    0.1490225876E+01    0.1253865224E+01   -0.9727866900E+00
       483    0.1415551240E+01    0.1178460580E+01   -0.6911107655E+00
       484    0.1469576128E+01    0.1114891525E+01   -0.4536469764E+00
       485    0.1051447486E+01    0.1008253254E+01   -0.5529706379E-01
       486    0.1521382995E+01    0.1253865224E+01   -0.9727866900E+00
       487    0.1449063253E+01    0.1178460580E+01   -0.6911107655E+00
       488    0.1465880348E+01    0.1178460580E+01   -0.6911107655E+00
       489    0.1492498185E+01    0.1114891525E+01   -0.4536469764E+00
       490    0.1438634216E+01    0.1058886062E+01   -0.2444371786E+00
       491    0.1047208763E+01    0.1008253254E+01   -0.5529706379E-01
       492    0.6167231240E+00    0.7378122718E+00    0.9549419552E+00
       493    0.5411196520E+00    0.6742432162E+00    0.1192405744E+01
       494    0.4469703280E+00    0.6182377539E+00    0.1401615542E+01
       495    0.4803119690E+00    0.5676049457E+00    0.1590755657E+01
       496    0.6463920030E+00    0.7378122718E+00    0.9549419552E+00
       497    0.6639490460E+00    0.6742432162E+00    0.1192405744E+01
       498    0.5688447600E+00    0.6182377539E+00    0.1401615542E+01
       499    0.4860493560E+00    0.5676049457E+00    0.1590755657E+01
       500    0.5087625500E+00    0.8132169159E+00    0.6732660308E+00
       501    0.5691382270E+00    0.6182377539E+00    0.1401615542E+01
       502    0.5422083010E+00    0.8132169159E+00    0.6732660308E+00
       503    0.5688695840E+00    0.7378122718E+00    0.9549419552E+00
       504    0.5183731670E+00    0.6742432162E+00    0.1192405744E+01
       505    0.4562801550E+00    0.6182377539E+00    0.1401615542E+01
       506    0.4854626740E+00    0.5676049457E+00    0.1590755657E+01
       507    0.5718723990E+00    0.7378122718E+00    0.9549419552E+00
       508    0.4985814990E+00    0.6182377539E+00    0.1401615542E+01
       509    0.5047069170E+00    0.5676049457E+00    0.1590755657E+01
       510    0.1342367260E+00    0.5283628087E+00    0.1737345636E+01
       511    0.2438119140E+00    0.3893891088E+00    0.2256485350E+01
       512    0.2261526690E+00    0.3333836468E+00    0.2465695147E+01
       513    0.2764506870E+00    0.3893891088E+00    0.2256485350E+01
       514    0.2911093630E+00    0.2827508386E+00    0.2654835262E+01
       515    0.1909513640E+00    0.5283628087E+00    0.1737345636E+01
       516    0.2544097800E+00    0.4529581647E+00    0.2019021560E+01
       517    0.2678712010E+00    0.3893891088E+00    0.2256485350E+01
       518    0.2354286690E+00    0.2827508386E+00    0.2654835262E+01
       519    0.1371076180E+00    0.5283628087E+00    0.1737345636E+01
       520    0.2487170830E+00    0.4529581647E+00    0.2019021560E+01
       521    0.2194940410E+00    0.3893891088E+00    0.2256485350E+01
       522    0.2055266530E+00    0.3333836468E+00    0.2465695147E+01
       523    0.1350462310E+00    0.5283628087E+00    0.1737345636E+01
       524    0.2961542120E+00    0.4529581647E+00    0.2019021560E+01
       525    0.2871877070E+00    0.3893891088E+00    0.2256485350E+01
       526    0.2187412840E+00    0.3333836468E+00    0.2465695147E+01
       527    0.2340253970E+00    0.3237946423E+00    0.2501515112E+01
       528    0.2191794260E+00    0.1848209424E+00    0.3020654826E+01
       529    0.3148765440E+00    0.7818267209E-01    0.3419004738E+01
       530    0.2888247200E+00    0.3237946423E+00    0.2501515112E+01
       531    0.1968955350E+00    0.1288154803E+00    0.3229864623E+01
       532    0.2499555320E+00    0.7818267209E-01    0.3419004738E+01
       533    0.1259982250E+00    0.2483899982E+00    0.2783191036E+01
       534    0.1815750960E+00    0.1848209424E+00    0.3020654826E+01
       535    0.2203264970E+00    0.1288154803E+00    0.3229864623E+01
       536    0.1946254960E+00    0.7818267209E-01    0.3419004738E+01
       537    0.3054629680E+00    0.3237946423E+00    0.2501515112E+01
       538    0.9639382600E-01    0.2483899982E+00    0.2783191036E+01
       539    0.1835679060E+00    0.1288154803E+00    0.3229864623E+01
       540    0.1575847187E+01    0.1420008592E+01   -0.1593419374E+01
       541    0.1462900474E+01    0.1352564628E+01   -0.1341480767E+01
       542    0.1565890814E+01    0.1295706736E+01   -0.1129086698E+01
       543    0.1512368073E+01    0.1245613928E+01   -0.9419637656E+00
       544    0.1403263403E+01    0.1200326567E+01   -0.7727917041E+00
       545    0.1531240953E+01    0.1352564628E+01   -0.1341480767E+01
       546    0.1560280587E+01    0.1245613928E+01   -0.9419637656E+00
       547    0.1317807896E+01    0.1200326567E+01   -0.7727917041E+00
       548    0.1720652447E+01    0.1420008592E+01   -0.1593419374E+01
       549    0.1564291331E+01    0.1352564628E+01   -0.1341480767E+01
       550    0.1616966219E+01    0.1295706736E+01   -0.1129086698E+01
       551    0.1560754007E+01    0.1245613928E+01   -0.9419637656E+00
       552    0.1300884556E+01    0.1200326567E+01   -0.7727917041E+00
       553    0.1718223089E+01    0.1420008592E+01   -0.1593419374E+01
       554    0.1305927814E+01    0.1200326567E+01   -0.7727917041E+00
       555    0.1484157119E+01    0.1525165137E+01   -0.1986234263E+01
       556    0.1388248215E+01    0.1400863281E+01   -0.1521901587E+01
       557    0.1351954063E+01    0.1305483112E+01   -0.1165606593E+01
       558    0.1398990225E+01    0.1457721173E+01   -0.1734295657E+01
       559    0.1457093508E+01    0.1400863281E+01   -0.1521901587E+01
       560    0.1454773297E+01    0.1350770472E+01   -0.1334778655E+01
       561    0.1389575690E+01    0.1305483112E+01   -0.1165606593E+01
       562    0.1509330432E+01    0.1525165137E+01   -0.1986234263E+01
       563    0.1496619976E+01    0.1457721173E+01   -0.1734295657E+01
       564    0.1501759448E+01    0.1400863281E+01   -0.1521901587E+01
       565    0.1484052320E+01    0.1350770472E+01   -0.1334778655E+01
       566    0.1404523039E+01    0.1305483112E+01   -0.1165606593E+01
       567    0.1534736700E+01    0.1525165137E+01   -0.1986234263E+01
       568    0.1424299184E+01    0.1457721173E+01   -0.1734295657E+01
       569    0.1512495664E+01    0.1350770472E+01   -0.1334778655E+01
       570    0.1330698022E+01    0.9920360215E+00    0.5282812436E-02
       571    0.1354259888E+01    0.9419432132E+00    0.1924057444E+00
       572    0.1261734861E+01    0.8966558528E+00    0.3615778058E+00
       573    0.1244760521E+01    0.1048893913E+01   -0.2071112574E+00
       574    0.1427788450E+01    0.9920360215E+00    0.5282812436E-02
       575    0.1410716808E+01    0.9419432132E+00    0.1924057444E+00
       576    0.1139383658E+01    0.1116337878E+01   -0.4590498636E+00
       577    0.1451846697E+01    0.9419432132E+00    0.1924057444E+00
       578    0.1089217790E+01    0.8966558528E+00    0.3615778058E+00
       579    0.1152010881E+01    0.1116337878E+01   -0.4590498636E+00
       580    0.1502349624E+01    0.9920360215E+00    0.5282812436E-02
       581    0.1484206189E+01    0.9419432132E+00    0.1924057444E+00
       582    0.4071468080E+00    0.7779437709E+00    0.8050297417E+00
       583    0.5268023010E+00    0.7104998067E+00    0.1056968348E+01
       584    0.4999705100E+00    0.6536419148E+00    0.1269362418E+01
       585    0.6414813030E+00    0.7104998067E+00    0.1056968348E+01
       586    0.5909938070E+00    0.5582617462E+00    0.1625657411E+01
       587    0.5233491010E+00    0.7104998067E+00    0.1056968348E+01
       588    0.6051014780E+00    0.6035491065E+00    0.1456485350E+01
       589    0.6198555820E+00    0.5582617462E+00    0.1625657411E+01
       590    0.4646472100E+00    0.7779437709E+00    0.8050297417E+00
       591    0.6012338950E+00    0.7104998067E+00    0.1056968348E+01
       592    0.5645656710E+00    0.6536419148E+00    0.1269362418E+01
       593    0.5798793360E+00    0.6035491065E+00    0.1456485350E+01
       594    0.6077898550E+00    0.5582617462E+00    0.1625657411E+01
       595    0.2114283850E+00    0.5376822715E+00    0.1702532551E+01
       596    0.2910661610E+00    0.4702383074E+00    0.1954471157E+01
       597    0.2882651620E+00    0.4133804155E+00    0.2166865227E+01
       598    0.2443453900E+00    0.3632876072E+00    0.2353988159E+01
       599    0.3037037040E+00    0.3180002469E+00    0.2523160220E+01
       600    0.1826572310E+00    0.5376822715E+00    0.1702532551E+01
       601    0.2672895120E+00    0.4702383074E+00    0.1954471157E+01
       602    0.2857616910E+00    0.4133804155E+00    0.2166865227E+01
       603    0.3063628430E+00    0.3632876072E+00    0.2353988159E+01
       604    0.3405112040E+00    0.3180002469E+00    0.2523160220E+01
       605    0.1650188600E+00    0.5376822715E+00    0.1702532551E+01
       606    0.2527574890E+00    0.4702383074E+00    0.1954471157E+01
       607    0.1581174090E+00    0.5376822715E+00    0.1702532551E+01
       608    0.2467599560E+00    0.4702383074E+00    0.1954471157E+01
       609    0.2568235230E+00    0.4133804155E+00    0.2166865227E+01
       610    0.2458962400E+00    0.3632876072E+00    0.2353988159E+01
       611    0.2406015040E+00    0.3180002469E+00    0.2523160220E+01
       612    0.1637142899E+01    0.1446155262E+01   -0.1691090909E+01
       613    0.1670345588E+01    0.1332683711E+01   -0.1267215108E+01
       614    0.1648836077E+01    0.1286955443E+01   -0.1096396023E+01
       615    0.1517185236E+01    0.1245613928E+01   -0.9419637656E+00
       616    0.1743457837E+01    0.1446155262E+01   -0.1691090909E+01
       617    0.1665250233E+01    0.1384587627E+01   -0.1461103479E+01
       618    0.1708874297E+01    0.1332683711E+01   -0.1267215108E+01
       619    0.1656264447E+01    0.1286955443E+01   -0.1096396023E+01
       620    0.1619928259E+01    0.1551311806E+01   -0.2083905798E+01
       621    0.1365832848E+01    0.1489744172E+01   -0.1853918369E+01
       622    0.1541656935E+01    0.1392111987E+01   -0.1489210912E+01
       623    0.1562563493E+01    0.1551311806E+01   -0.2083905798E+01
       624    0.1529428852E+01    0.1437840256E+01   -0.1660029997E+01
       625    0.1543618206E+01    0.1392111987E+01   -0.1489210912E+01
       626    0.1463423868E+01    0.1489744172E+01   -0.1853918369E+01
       627    0.1576514283E+01    0.1437840256E+01   -0.1660029997E+01
       628    0.1543754945E+01    0.1350770472E+01   -0.1334778655E+01
       629    0.1356127306E+01    0.1410184544E+01   -0.1556721399E+01
       630    0.1213763978E+01    0.1348616910E+01   -0.1326733969E+01
       631    0.1355781364E+01    0.1296712994E+01   -0.1132845598E+01
       632    0.1435901358E+01    0.1209643210E+01   -0.8075942556E+00
       633    0.1291089283E+01    0.1410184544E+01   -0.1556721399E+01
       634    0.1466244143E+01    0.1250984725E+01   -0.9620265128E+00
       635    0.1427631302E+01    0.1209643210E+01   -0.8075942556E+00
       636    0.1298093211E+01    0.1410184544E+01   -0.1556721399E+01
       637    0.1356004282E+01    0.1348616910E+01   -0.1326733969E+01
       638    0.1470433173E+01    0.1296712994E+01   -0.1132845598E+01
       639    0.1499886520E+01    0.1250984725E+01   -0.9620265128E+00
       640    0.8385344400E+00    0.9566828040E+00    0.1373456360E+00
       641    0.1347348769E+01    0.8590506190E+00    0.5020530924E+00
       642    0.9901740400E+00    0.8177091042E+00    0.6564853497E+00
       643    0.9702713940E+00    0.9566828040E+00    0.1373456360E+00
       644    0.1354269255E+01    0.9047788875E+00    0.3312340076E+00
       645    0.1381961174E+01    0.8590506190E+00    0.5020530924E+00
       646    0.8809704760E+00    0.1018250438E+01   -0.9264179351E-01
       647    0.1072534142E+01    0.9566828040E+00    0.1373456360E+00
       648    0.1336080772E+01    0.8590506190E+00    0.5020530924E+00
       649    0.4277002410E+00    0.7422956059E+00    0.9381943490E+00
       650    0.5955642040E+00    0.6807279716E+00    0.1168181779E+01
       651    0.5945945950E+00    0.6288240552E+00    0.1362070150E+01
       652    0.5724390930E+00    0.5830957867E+00    0.1532889235E+01
       653    0.4160415210E+00    0.7422956059E+00    0.9381943490E+00
       654    0.6519319340E+00    0.5830957867E+00    0.1532889235E+01
       655    0.7304746690E+00    0.5417542719E+00    0.1687321492E+01
       656    0.4105175350E+00    0.7422956059E+00    0.9381943490E+00
       657    0.5584050830E+00    0.6807279716E+00    0.1168181779E+01
       658    0.6016052460E+00    0.6288240552E+00    0.1362070150E+01
       659    0.7023638490E+00    0.5417542719E+00    0.1687321492E+01
       660    0.1630168643E+01    0.1466476442E+01   -0.1767001182E+01
       661    0.1666891949E+01    0.1409475888E+01   -0.1554074197E+01
       662    0.1727557719E+01    0.1361422199E+01   -0.1374568445E+01
       663    0.1712835287E+01    0.1319086049E+01   -0.1216420703E+01
       664    0.1660926566E+01    0.1280811244E+01   -0.1073444216E+01
       665    0.1829306215E+01    0.1466476442E+01   -0.1767001182E+01
       666    0.1716885943E+01    0.1409475888E+01   -0.1554074197E+01
       667    0.1703329810E+01    0.1319086049E+01   -0.1216420703E+01
       668    0.1614747903E+01    0.1280811244E+01   -0.1073444216E+01
       669    0.1704817997E+01    0.1571632986E+01   -0.2159816071E+01
       670    0.1384467524E+01    0.1514632433E+01   -0.1946889086E+01
       671    0.1559470759E+01    0.1466578744E+01   -0.1767383335E+01
       672    0.1598350679E+01    0.1424242594E+01   -0.1609235592E+01
       673    0.1588975409E+01    0.1385967788E+01   -0.1466259105E+01
       674    0.1455863966E+01    0.1514632433E+01   -0.1946889086E+01
       675    0.1612188038E+01    0.1466578744E+01   -0.1767383335E+01
       676    0.1593758118E+01    0.1385967788E+01   -0.1466259105E+01
       677    0.1214272370E+01    0.1598347412E+01   -0.2259608473E+01
       678    0.1409107424E+01    0.1550293723E+01   -0.2080102722E+01
       679    0.1477573347E+01    0.1469682767E+01   -0.1778978492E+01
       680    0.1328367061E+01    0.1598347412E+01   -0.2259608473E+01
       681    0.1542296277E+01    0.1507957573E+01   -0.1921954980E+01
       682    0.1528148722E+01    0.1469682767E+01   -0.1778978492E+01
       683    0.1377580373E+01    0.1105341223E+01   -0.4179715878E+00
       684    0.1068051730E+01    0.1252731616E+01   -0.9685520665E+00
       685    0.1256877298E+01    0.1195731062E+01   -0.7556250815E+00
       686    0.1477432269E+01    0.1105341223E+01   -0.4179715878E+00
       687    0.1470776381E+01    0.1067066418E+01   -0.2749951003E+00
       688    0.9386725870E+00    0.8840828972E+00    0.4085443944E+00
       689    0.1067197730E+01    0.8360292081E+00    0.5880501459E+00
       690    0.5757547110E+00    0.7936930579E+00    0.7461978881E+00
       691    0.4400686670E+00    0.7554182527E+00    0.8891743756E+00
       692    0.6486283350E+00    0.9410834505E+00    0.1956174093E+00
       693    0.8532832750E+00    0.8840828972E+00    0.4085443944E+00
       694    0.1669590912E+01    0.1482856873E+01   -0.1828190691E+01
       695    0.1727699236E+01    0.1429537738E+01   -0.1629015735E+01
       696    0.1771474347E+01    0.1384587627E+01   -0.1461103479E+01
       697    0.1749073426E+01    0.1344985785E+01   -0.1313169813E+01
       698    0.1803716056E+01    0.1482856873E+01   -0.1828190691E+01
       699    0.1780719049E+01    0.1429537738E+01   -0.1629015735E+01
       700    0.1804990261E+01    0.1384587627E+01   -0.1461103479E+01
       701    0.1765524346E+01    0.1344985785E+01   -0.1313169813E+01
       702    0.1616889376E+01    0.1489744172E+01   -0.1853918369E+01
       703    0.1641279204E+01    0.1450142330E+01   -0.1705984702E+01
       704    0.1628648579E+01    0.1414339528E+01   -0.1572242444E+01
       705    0.1707701580E+01    0.1588013418E+01   -0.2221005581E+01
       706    0.1679107197E+01    0.1489744172E+01   -0.1853918369E+01
       707    0.1673885692E+01    0.1414339528E+01   -0.1572242444E+01
       708    0.1464438564E+01    0.1573459151E+01   -0.2166637756E+01
       709    0.1531714434E+01    0.1498054507E+01   -0.1884961831E+01
       710    0.1389157052E+01    0.1618409262E+01   -0.2334550012E+01
       711    0.1534961271E+01    0.1573459151E+01   -0.2166637756E+01
       712    0.1578889584E+01    0.1533857309E+01   -0.2018704089E+01
       713    0.1125127753E+01    0.1483272045E+01   -0.1829741576E+01
       714    0.1218238929E+01    0.1429952910E+01   -0.1630566620E+01
       715    0.1453854921E+01    0.1309598155E+01   -0.1180978440E+01
       716    0.1227749057E+01    0.1483272045E+01   -0.1829741576E+01
       717    0.1424920061E+01    0.1385002799E+01   -0.1462654364E+01
       718    0.1486274377E+01    0.1345400957E+01   -0.1314720697E+01
       719    0.1510142588E+01    0.1309598155E+01   -0.1180978440E+01
       720    0.1122062956E+01    0.1082611411E+01   -0.3330638104E+00
       721    0.1292136683E+01    0.1037661301E+01   -0.1651515548E+00
       722    0.1355113807E+01    0.9980594590E+00   -0.1721788824E-01
       723    0.8378659770E+00    0.1135930547E+01   -0.5322387669E+00
       724    0.1167730877E+01    0.1082611411E+01   -0.3330638104E+00
       725    0.1439207380E+01    0.9980594590E+00   -0.1721788824E-01
       726    0.1449719350E+01    0.9622566570E+00    0.1165243697E+00
