     Index              y_true              y_pred        descriptor_1        descriptor_2        descriptor_3
         1    0.5330181560E+00    0.7300458286E+00   -0.2265159823E+01    0.9763147322E+02   -0.4257467004E-02
         2    0.7650572350E+00    0.1041575792E+01   -0.2908906924E+01    0.6237495907E+02   -0.4818847223E-02
         3    0.6684919800E+00    0.8495788627E+00   -0.2836396308E+01    0.9199955438E+02   -0.4162019805E-02
         4    0.7459270490E+00    0.9181554046E+00   -0.2650227231E+01    0.5881791677E+02   -0.1746520483E-02
         5    0.6939732320E+00    0.8186818053E+00   -0.2606925064E+01    0.7377610646E+02   -0.1370694728E-02
         6    0.1123038603E+01    0.1220132483E+01   -0.3304157881E+01    0.4388995791E+02   -0.5292587774E-02
         7    0.6448720580E+00    0.8501786010E+00   -0.3205310730E+01    0.1013398278E+03   -0.3884955235E-02
         8    0.8951291350E+00    0.1120425362E+01   -0.3280001829E+01    0.5853536748E+02   -0.4763785435E-02
         9    0.8720895700E+00    0.1026923935E+01   -0.3255484636E+01    0.7293825525E+02   -0.4386595372E-02
        10    0.8040688430E+00    0.9128050741E+00   -0.3054636426E+01    0.6939258116E+02   -0.1314268632E-02
        11    0.7757144760E+00    0.8222381887E+00   -0.3026317153E+01    0.8371210204E+02   -0.1031850951E-02
        12    0.6863945580E+00    0.7342759152E+00   -0.2997457718E+01    0.9791541457E+02   -0.8126284942E-03
        13    0.8147524580E+00    0.1050809261E+01   -0.2855671931E+01    0.5126212794E+02   -0.3545406362E-02
        14    0.6601638610E+00    0.7742306294E+00   -0.2755917463E+01    0.9449100139E+02   -0.2666576162E-02
        15    0.8903868480E+00    0.9550454229E+00   -0.2823200634E+01    0.6584690707E+02   -0.3168216299E-02
        16    0.1117630319E+01    0.1282356307E+01   -0.3596223960E+01    0.4088261815E+02   -0.5256710220E-02
        17    0.9303322740E+00    0.1185582425E+01   -0.3578139379E+01    0.5515998703E+02   -0.4727238674E-02
        18    0.9780814260E+00    0.1185582425E+01   -0.3578139379E+01    0.5515998703E+02   -0.4727238674E-02
        19    0.9744903990E+00    0.1095204635E+01   -0.3559870121E+01    0.6916451887E+02   -0.4349360407E-02
        20    0.9070803020E+00    0.9871926054E+00   -0.3394485817E+01    0.6555063551E+02   -0.1277033666E-02
        21    0.9877308920E+00    0.9871926054E+00   -0.3394485817E+01    0.6555063551E+02   -0.1277033666E-02
        22    0.9333789130E+00    0.1129737358E+01   -0.3233604522E+01    0.4772759254E+02   -0.3508859601E-02
        23    0.9028070030E+00    0.1037592555E+01   -0.3211193809E+01    0.6193675216E+02   -0.3130981334E-02
        24    0.9812644620E+00    0.1129737358E+01   -0.3233604522E+01    0.4772759254E+02   -0.3508859601E-02
        25    0.9971546060E+00    0.1037592555E+01   -0.3211193809E+01    0.6193675216E+02   -0.3130981334E-02
        26    0.9337418860E+00    0.9496869957E+00   -0.3188465846E+01    0.7592423166E+02   -0.2847855719E-02
        27    0.8223886330E+00    0.8645888277E+00   -0.3165409161E+01    0.8976392445E+02   -0.2627904834E-02
        28    0.9944004230E+00    0.9830978729E+00   -0.3004182244E+01    0.5832286881E+02   -0.1898824801E-02
        29    0.1058331164E+01    0.1336361854E+01   -0.3845311825E+01    0.3817577158E+02   -0.5231515428E-02
        30    0.9543756420E+00    0.1241852169E+01   -0.3831095016E+01    0.5214519838E+02   -0.4701673063E-02
        31    0.9940212870E+00    0.1153913443E+01   -0.3816771902E+01    0.6581147292E+02   -0.4323415695E-02
        32    0.1111249766E+01    0.1336361854E+01   -0.3845311825E+01    0.3817577158E+02   -0.5231515428E-02
        33    0.8405589810E+00    0.9889637424E+00   -0.3787798659E+01    0.9263876821E+02   -0.3819555142E-02
        34    0.9557065150E+00    0.1049964088E+01   -0.3674224812E+01    0.6212938031E+02   -0.1251088954E-02
        35    0.7999844320E+00    0.8838264160E+00   -0.3642930790E+01    0.8910825173E+02   -0.7472284019E-03
        36    0.1011915204E+01    0.1049964088E+01   -0.3674224812E+01    0.6212938031E+02   -0.1251088954E-02
        37    0.1166193745E+01    0.1234235564E+01   -0.3704994651E+01    0.3422084192E+02   -0.2159188688E-02
        38    0.8335985850E+00    0.9379699148E+00   -0.3485522050E+01    0.8557773525E+02   -0.2601176069E-02
        39    0.1033415076E+01    0.1194943428E+01   -0.3536491380E+01    0.4455364895E+02   -0.3483293990E-02
        40    0.9922741040E+00    0.1105381119E+01   -0.3519665362E+01    0.5844728770E+02   -0.3105036622E-02
        41    0.9714315640E+00    0.1020214829E+01   -0.3502676911E+01    0.7209461523E+02   -0.2821523375E-02
        42    0.8607430470E+00    0.9379699148E+00   -0.3485522050E+01    0.8557773525E+02   -0.2601176069E-02
        43    0.9359528220E+00    0.9379699148E+00   -0.3485522050E+01    0.8557773525E+02   -0.2601176069E-02
        44    0.8250073490E+00    0.8885223107E+00   -0.3312445603E+01    0.8204721878E+02   -0.1369019537E-02
        45    0.8666041810E+00    0.8885223107E+00   -0.3312445603E+01    0.8204721878E+02   -0.1369019537E-02
        46    0.1046079090E+01    0.9714179131E+00   -0.3331424682E+01    0.6849778419E+02   -0.1589366842E-02
        47    0.9011571690E+00    0.1075262962E+01   -0.3161577295E+01    0.5108310247E+02   -0.2750500511E-02
        48    0.8256932940E+00    0.9048784892E+00   -0.3119102759E+01    0.7851670230E+02   -0.2246639958E-02
        49    0.1026581306E+01    0.1291767165E+01   -0.4052897546E+01    0.4941758678E+02   -0.4683057794E-02
        50    0.1065672895E+01    0.1291767165E+01   -0.4052897546E+01    0.4941758678E+02   -0.4683057794E-02
        51    0.1097754042E+01    0.1205814127E+01   -0.4041272868E+01    0.6279346686E+02   -0.4304577112E-02
        52    0.1017595671E+01    0.1124069319E+01   -0.4029580926E+01    0.7596092975E+02   -0.4020836497E-02
        53    0.9537272880E+00    0.9430164114E+00   -0.3889897412E+01    0.8540587975E+02   -0.7279309252E-03
        54    0.1082797442E+01    0.1251343014E+01   -0.3793080854E+01    0.4166688240E+02   -0.3464678721E-02
        55    0.9412543120E+00    0.1000757817E+01   -0.3752956768E+01    0.8182231162E+02   -0.2581878593E-02
        56    0.1142203276E+01    0.1251343014E+01   -0.3793080854E+01    0.4166688240E+02   -0.3464678721E-02
        57    0.9494693120E+00    0.9556966406E+00   -0.3605219077E+01    0.7823874350E+02   -0.1349722060E-02
        58    0.1131676110E+01    0.1119973255E+01   -0.3634281802E+01    0.5154256123E+02   -0.1854041507E-02
        59    0.1132038739E+01    0.1143194802E+01   -0.3476071042E+01    0.4779225936E+02   -0.2731661928E-02
        60    0.1124946498E+01    0.1028302743E+01   -0.3284420308E+01    0.5767835905E+02   -0.1788361108E-02
        61    0.1073837830E+01    0.1336860994E+01   -0.4251711557E+01    0.4692341406E+02   -0.4669066833E-02
        62    0.1215438767E+01    0.1428061373E+01   -0.4261344659E+01    0.3343523921E+02   -0.5199265216E-02
        63    0.1238501220E+01    0.1428061373E+01   -0.4261344659E+01    0.3343523921E+02   -0.5199265216E-02
        64    0.1175085314E+01    0.1336860994E+01   -0.4251711557E+01    0.4692341406E+02   -0.4669066833E-02
        65    0.1176600873E+01    0.1331362526E+01   -0.4148230845E+01    0.2928932362E+02   -0.2126938476E-02
        66    0.1162153250E+01    0.1239052182E+01   -0.4138063291E+01    0.4296848440E+02   -0.1596740093E-02
        67    0.1144471643E+01    0.1153938996E+01   -0.4127845526E+01    0.5622929502E+02   -0.1218120710E-02
        68    0.1210064411E+01    0.1239052182E+01   -0.4138063291E+01    0.4296848440E+02   -0.1596740093E-02
        69    0.1150448585E+01    0.1301484209E+01   -0.4017804122E+01    0.3901355474E+02   -0.3450687760E-02
        70    0.1183161542E+01    0.1301484209E+01   -0.4017804122E+01    0.3901355474E+02   -0.3450687760E-02
        71    0.1154692047E+01    0.1215539085E+01   -0.4006963051E+01    0.5241078389E+02   -0.3072068378E-02
        72    0.1198415083E+01    0.1301484209E+01   -0.4017804122E+01    0.3901355474E+02   -0.3450687760E-02
        73    0.1199862232E+01    0.1134270510E+01   -0.3996062997E+01    0.6551243959E+02   -0.2788186982E-02
        74    0.1157553123E+01    0.1174826656E+01   -0.3878310646E+01    0.4859227275E+02   -0.1839911845E-02
        75    0.1074349053E+01    0.1014188398E+01   -0.3854963206E+01    0.7478042652E+02   -0.1335308719E-02
        76    0.1201215953E+01    0.1174826656E+01   -0.3878310646E+01    0.4859227275E+02   -0.1839911845E-02
        77    0.1071881661E+01    0.1093147748E+01   -0.3578139379E+01    0.5436384786E+02   -0.1774090666E-02
        78    0.1052991973E+01    0.1013273211E+01   -0.3564455008E+01    0.6750718697E+02   -0.1553368936E-02
        79    0.1121494245E+01    0.1013273211E+01   -0.3564455008E+01    0.6750718697E+02   -0.1553368936E-02
        80    0.1161381516E+01    0.1103540392E+01   -0.3414562961E+01    0.5064765061E+02   -0.2292038708E-02
        81    0.1261100078E+01    0.1468102762E+01   -0.4440929895E+01    0.3132309585E+02   -0.5188564330E-02
        82    0.1029103684E+01    0.1141267656E+01   -0.4408010588E+01    0.8268066570E+02   -0.3774781401E-02
        83    0.1271803459E+01    0.1373420482E+01   -0.4337111457E+01    0.2708168729E+02   -0.2116237589E-02
        84    0.1228426257E+01    0.1282291486E+01   -0.4328529749E+01    0.4058776211E+02   -0.1585950386E-02
        85    0.1220446402E+01    0.1119421049E+01   -0.4311263501E+01    0.6641022861E+02   -0.9232686070E-03
        86    0.1294854271E+01    0.1373420482E+01   -0.4337111457E+01    0.2708168729E+02   -0.2116237589E-02
        87    0.1235963879E+01    0.1282291486E+01   -0.4328529749E+01    0.4058776211E+02   -0.1585950386E-02
        88    0.1154101557E+01    0.1262285137E+01   -0.4209967753E+01    0.4975390392E+02   -0.3061188736E-02
        89    0.1173198940E+01    0.1182488857E+01   -0.4200858185E+01    0.6263434826E+02   -0.2777216274E-02
        90    0.1138563491E+01    0.1105898209E+01   -0.4191708936E+01    0.7530132286E+02   -0.2556402328E-02
        91    0.1255388027E+01    0.1182488857E+01   -0.4200858185E+01    0.6263434826E+02   -0.2777216274E-02
        92    0.1159797050E+01    0.1105898209E+01   -0.4191708936E+01    0.7530132286E+02   -0.2556402328E-02
        93    0.1142003735E+01    0.1143509649E+01   -0.4084322929E+01    0.5885846792E+02   -0.1545059742E-02
        94    0.1190420141E+01    0.1223984952E+01   -0.4093957913E+01    0.4586718352E+02   -0.1829032203E-02
        95    0.1206571952E+01    0.1143509649E+01   -0.4084322929E+01    0.5885846792E+02   -0.1545059742E-02
        96    0.1137497746E+01    0.1172472400E+01   -0.3960728712E+01    0.5508258757E+02   -0.2422680163E-02
        97    0.1173098699E+01    0.1094772061E+01   -0.3950432095E+01    0.6792198002E+02   -0.2201866217E-02
        98    0.1248321018E+01    0.1172472400E+01   -0.3960728712E+01    0.5508258757E+02   -0.2422680163E-02
        99    0.1128982925E+01    0.1071487177E+01   -0.3817877499E+01    0.6423230860E+02   -0.1542306012E-02
       100    0.1170611891E+01    0.1071487177E+01   -0.3817877499E+01    0.6423230860E+02   -0.1542306012E-02
       101    0.1112717795E+01    0.1164038166E+01   -0.3687305520E+01    0.4753082687E+02   -0.2281068001E-02
       102    0.1139969414E+01    0.1085156303E+01   -0.3675417818E+01    0.6054263718E+02   -0.2060254054E-02
       103    0.1287188650E+01    0.1505243350E+01   -0.4606606846E+01    0.2934590374E+02   -0.5180123450E-02
       104    0.1068982026E+01    0.1183367090E+01   -0.4578233802E+01    0.7991395787E+02   -0.3766097481E-02
       105    0.1133411985E+01    0.1087038691E+01   -0.4480754175E+01    0.7617123480E+02   -0.6937707404E-03
       106    0.1267757798E+01    0.1322147848E+01   -0.4502997284E+01    0.3836898137E+02   -0.1577449714E-02
       107    0.1229972086E+01    0.1113706926E+01   -0.4271942973E+01    0.6868578866E+02   -0.1315561875E-02
       108    0.1186147186E+01    0.1144283158E+01   -0.4159412698E+01    0.6494306560E+02   -0.2193182297E-02
       109    0.1236144088E+01    0.1200436769E+01   -0.4049583016E+01    0.4846548860E+02   -0.1754497776E-02
       110    0.1226436247E+01    0.1217580405E+01   -0.3923756127E+01    0.4462992515E+02   -0.2272445818E-02
       111    0.1180095923E+01    0.1124375756E+01   -0.3778848539E+01    0.5371489639E+02   -0.1629252824E-02
       112    0.1209179578E+01    0.1124375756E+01   -0.3778848539E+01    0.5371489639E+02   -0.1629252824E-02
       113    0.1277910168E+01    0.1539967451E+01   -0.4760815317E+01    0.2748334580E+02   -0.5173345733E-02
       114    0.1261313025E+01    0.1371326237E+01   -0.4748462614E+01    0.5302477322E+02   -0.4264145673E-02
       115    0.1313990836E+01    0.1539967451E+01   -0.4760815317E+01    0.2748334580E+02   -0.5173345733E-02
       116    0.1253258462E+01    0.1451948064E+01   -0.4754646989E+01    0.4048142373E+02   -0.4642957270E-02
       117    0.1318586076E+01    0.1371326237E+01   -0.4748462614E+01    0.5302477322E+02   -0.4264145673E-02
       118    0.1265138072E+01    0.1295326904E+01   -0.4742262088E+01    0.6528391748E+02   -0.3980069897E-02
       119    0.1131022211E+01    0.1222408353E+01   -0.4736045305E+01    0.7735359154E+02   -0.3759151586E-02
       120    0.1293577982E+01    0.1448557304E+01   -0.4670886960E+01    0.2305095131E+02   -0.2101018992E-02
       121    0.1282379401E+01    0.1359219712E+01   -0.4664478338E+01    0.3628776166E+02   -0.1570630529E-02
       122    0.1246500173E+01    0.1277644936E+01   -0.4658052058E+01    0.4900163430E+02   -0.1191818933E-02
       123    0.1288522647E+01    0.1200920836E+01   -0.4651607997E+01    0.6138867092E+02   -0.9077431563E-03
       124    0.1199614068E+01    0.1127429548E+01   -0.4645146032E+01    0.7355781683E+02   -0.6868248457E-03
       125    0.1340287634E+01    0.1448557304E+01   -0.4670886960E+01    0.2305095131E+02   -0.2101018992E-02
       126    0.1304671229E+01    0.1359219712E+01   -0.4664478338E+01    0.3628776166E+02   -0.1570630529E-02
       127    0.1306825712E+01    0.1427215148E+01   -0.4570681936E+01    0.3209409958E+02   -0.3424578197E-02
       128    0.1248603488E+01    0.1344683352E+01   -0.4563988618E+01    0.4497849538E+02   -0.3045766600E-02
       129    0.1278199752E+01    0.1267230371E+01   -0.4557275609E+01    0.5749342437E+02   -0.2761690824E-02
       130    0.1249384501E+01    0.1193162188E+01   -0.4550542765E+01    0.6976204211E+02   -0.2540772513E-02
       131    0.1323635863E+01    0.1427215148E+01   -0.4570681936E+01    0.3209409958E+02   -0.3424578197E-02
       132    0.1319588715E+01    0.1267230371E+01   -0.4557275609E+01    0.5749342437E+02   -0.2761690824E-02
       133    0.1258877043E+01    0.1193162188E+01   -0.4550542765E+01    0.6976204211E+02   -0.2540772513E-02
       134    0.1247163425E+01    0.1310012151E+01   -0.4465879335E+01    0.4095535646E+02   -0.1813610068E-02
       135    0.1251040859E+01    0.1231825442E+01   -0.4458867439E+01    0.5359817781E+02   -0.1529534291E-02
       136    0.1257726646E+01    0.1157175458E+01   -0.4451833421E+01    0.6596626739E+02   -0.1308615980E-02
       137    0.1276734016E+01    0.1310012151E+01   -0.4465879335E+01    0.4095535646E+02   -0.1813610068E-02
       138    0.1296671171E+01    0.1231825442E+01   -0.4458867439E+01    0.5359817781E+02   -0.1529534291E-02
       139    0.1279163675E+01    0.1157175458E+01   -0.4451833421E+01    0.6596626739E+02   -0.1308615980E-02
       140    0.1250650922E+01    0.1343695380E+01   -0.4363258913E+01    0.3693221754E+02   -0.2691230489E-02
       141    0.1243627711E+01    0.1264769170E+01   -0.4355912475E+01    0.4970293126E+02   -0.2407154713E-02
       142    0.1243441192E+01    0.1189531541E+01   -0.4348541173E+01    0.6217049268E+02   -0.2186236402E-02
       143    0.1279494578E+01    0.1343695380E+01   -0.4363258913E+01    0.3693221754E+02   -0.2691230489E-02
       144    0.1273794446E+01    0.1189531541E+01   -0.4348541173E+01    0.6217049268E+02   -0.2186236402E-02
       145    0.1223983330E+01    0.1246550345E+01   -0.4247846066E+01    0.4580768470E+02   -0.1747594508E-02
       146    0.1278853304E+01    0.1246550345E+01   -0.4247846066E+01    0.4580768470E+02   -0.1747594508E-02
       147    0.1264029673E+01    0.1170718015E+01   -0.4240093908E+01    0.5837471796E+02   -0.1526676197E-02
       148    0.1237773687E+01    0.1189514864E+01   -0.4125795893E+01    0.5457894325E+02   -0.2044624240E-02
       149    0.1259736077E+01    0.1265950529E+01   -0.4133982245E+01    0.4191243815E+02   -0.2265542550E-02
       150    0.1265410494E+01    0.1189514864E+01   -0.4125795893E+01    0.5457894325E+02   -0.2044624240E-02
       151    0.1230637042E+01    0.1176436370E+01   -0.4004787784E+01    0.5078316853E+02   -0.1622306930E-02
       152    0.1301933776E+01    0.1572642828E+01   -0.4905373871E+01    0.2571921968E+02   -0.5167819764E-02
       153    0.1219972977E+01    0.1485379238E+01   -0.4899927883E+01    0.3859789962E+02   -0.4637401803E-02
       154    0.1292750945E+01    0.1405676285E+01   -0.4894469763E+01    0.5099153593E+02   -0.4258560469E-02
       155    0.1297214659E+01    0.1330697989E+01   -0.4888999442E+01    0.6308201997E+02   -0.3974454717E-02
       156    0.1156631073E+01    0.1258868800E+01   -0.4883516852E+01    0.7497040246E+02   -0.3753506189E-02
       157    0.1284347135E+01    0.1485379238E+01   -0.4899927883E+01    0.3859789962E+02   -0.4637401803E-02
       158    0.1330274438E+01    0.1405676285E+01   -0.4894469763E+01    0.5099153593E+02   -0.4258560469E-02
       159    0.1167516683E+01    0.1258868800E+01   -0.4883516852E+01    0.7497040246E+02   -0.3753506189E-02
       160    0.1328019727E+01    0.1482612572E+01   -0.4820808169E+01    0.2119133222E+02   -0.2095493024E-02
       161    0.1309011924E+01    0.1393953135E+01   -0.4815169105E+01    0.3432466008E+02   -0.1565075062E-02
       162    0.1314491867E+01    0.1237503095E+01   -0.4803851182E+01    0.5912709031E+02   -0.9021279767E-03
       163    0.1371790285E+01    0.1482612572E+01   -0.4820808169E+01    0.2119133222E+02   -0.2095493024E-02
       164    0.1343467618E+01    0.1237503095E+01   -0.4803851182E+01    0.5912709031E+02   -0.9021279767E-03
       165    0.1251690299E+01    0.1165073528E+01   -0.4798172167E+01    0.7112157610E+02   -0.6811794480E-03
       166    0.1336093858E+01    0.1463337255E+01   -0.4727316491E+01    0.3005142053E+02   -0.3419022730E-02
       167    0.1324345094E+01    0.1305112489E+01   -0.4715572421E+01    0.5517216065E+02   -0.2756075644E-02
       168    0.1297613569E+01    0.1232079533E+01   -0.4709678385E+01    0.6727274973E+02   -0.2535127115E-02
       169    0.1330433560E+01    0.1381619062E+01   -0.4721451759E+01    0.4280883957E+02   -0.3040181396E-02
       170    0.1363891919E+01    0.1305112489E+01   -0.4715572421E+01    0.5517216065E+02   -0.2756075644E-02
       171    0.1308090797E+01    0.1232079533E+01   -0.4709678385E+01    0.6727274973E+02   -0.2535127115E-02
       172    0.1291213212E+01    0.1348386792E+01   -0.4629972935E+01    0.3871749139E+02   -0.1808024864E-02
       173    0.1314795502E+01    0.1271111132E+01   -0.4623858513E+01    0.5121723099E+02   -0.1523919111E-02
       174    0.1309760257E+01    0.1348386792E+01   -0.4629972935E+01    0.3871749139E+02   -0.1808024864E-02
       175    0.1346107418E+01    0.1271111132E+01   -0.4623858513E+01    0.5121723099E+02   -0.1523919111E-02
       176    0.1324501592E+01    0.1197471293E+01   -0.4617727877E+01    0.6342392337E+02   -0.1302970583E-02
       177    0.1287726905E+01    0.1383629717E+01   -0.4534728925E+01    0.3462614321E+02   -0.2685645285E-02
       178    0.1292750683E+01    0.1231330109E+01   -0.4521961914E+01    0.5957509701E+02   -0.2180591004E-02
       179    0.1308740320E+01    0.1383629717E+01   -0.4534728925E+01    0.3462614321E+02   -0.2685645285E-02
       180    0.1331140351E+01    0.1305580921E+01   -0.4528354418E+01    0.4726230134E+02   -0.2401539533E-02
       181    0.1309795904E+01    0.1231330109E+01   -0.4521961914E+01    0.5957509701E+02   -0.2180591004E-02
       182    0.1267104614E+01    0.1289034440E+01   -0.4428642470E+01    0.4330737168E+02   -0.1741979328E-02
       183    0.1289311457E+01    0.1214167817E+01   -0.4421958215E+01    0.5572627064E+02   -0.1521030800E-02
       184    0.1309782299E+01    0.1289034440E+01   -0.4428642470E+01    0.4330737168E+02   -0.1741979328E-02
       185    0.1311749990E+01    0.1214167817E+01   -0.4421958215E+01    0.5572627064E+02   -0.1521030800E-02
       186    0.1254454776E+01    0.1310283916E+01   -0.4324226105E+01    0.3935244202E+02   -0.2259927371E-02
       187    0.1278822412E+01    0.1234795696E+01   -0.4317214358E+01    0.5187744428E+02   -0.2038978842E-02
       188    0.1289254102E+01    0.1310283916E+01   -0.4324226105E+01    0.3935244202E+02   -0.2259927371E-02
       189    0.1308528765E+01    0.1234795696E+01   -0.4317214358E+01    0.5187744428E+02   -0.2038978842E-02
       190    0.1289832024E+01    0.1223769189E+01   -0.4207125250E+01    0.4802861792E+02   -0.1616661532E-02
       191    0.1310200602E+01    0.1603556174E+01   -0.5041678342E+01    0.2404041513E+02   -0.5163254292E-02
       192    0.1274438356E+01    0.1516936499E+01   -0.5036826827E+01    0.3681676137E+02   -0.4632814877E-02
       193    0.1328666541E+01    0.1438040357E+01   -0.5031965947E+01    0.4907774879E+02   -0.4253951937E-02
       194    0.1337414505E+01    0.1363970850E+01   -0.5027095659E+01    0.6101663691E+02   -0.3969824425E-02
       195    0.1193649722E+01    0.1293118590E+01   -0.5022215915E+01    0.7274079215E+02   -0.3748853982E-02
       196    0.1345685085E+01    0.1426690798E+01   -0.4956725276E+01    0.3246394436E+02   -0.1560488137E-02
       197    0.1340711703E+01    0.1346733351E+01   -0.4951705783E+01    0.4491819135E+02   -0.1181625197E-02
       198    0.1372718884E+01    0.1271861319E+01   -0.4946676093E+01    0.5700202415E+02   -0.8974976844E-03
       199    0.1302694782E+01    0.1200379009E+01   -0.4941636153E+01    0.6883891414E+02   -0.6765272411E-03
       200    0.1367097507E+01    0.1497322943E+01   -0.4873947599E+01    0.2811112734E+02   -0.3414435804E-02
       201    0.1367462537E+01    0.1340625212E+01   -0.4863553077E+01    0.5298741139E+02   -0.2751445352E-02
       202    0.1333109700E+01    0.1384342128E+01   -0.4782878906E+01    0.3659907646E+02   -0.1803416331E-02
       203    0.1335182570E+01    0.1307858061E+01   -0.4777487270E+01    0.4897279863E+02   -0.1519288819E-02
       204    0.1322034925E+01    0.1343654697E+01   -0.4688203507E+01    0.4495818587E+02   -0.2396909241E-02
       205    0.1330941187E+01    0.1270267432E+01   -0.4682591519E+01    0.5713328011E+02   -0.2175938798E-02
       206    0.1295802846E+01    0.1267354091E+01   -0.4391194645E+01    0.4542764607E+02   -0.1612009325E-02
       207    0.1297892038E+01    0.1546864387E+01   -0.5166470721E+01    0.3512511538E+02   -0.4628983009E-02
       208    0.1383255607E+01    0.1468679258E+01   -0.5162107924E+01    0.4726836929E+02   -0.4250104059E-02
       209    0.1242103026E+01    0.1325451244E+01   -0.5153360139E+01    0.7064542026E+02   -0.3744973782E-02
       210    0.1378146497E+01    0.1545330227E+01   -0.5094915742E+01    0.1771731403E+02   -0.2087111594E-02
       211    0.1364098613E+01    0.1457702434E+01   -0.5090429378E+01    0.3069272089E+02   -0.1556656268E-02
       212    0.1345774207E+01    0.1378399473E+01   -0.5085935091E+01    0.4304060259E+02   -0.1177777319E-02
       213    0.1414094866E+01    0.1304299047E+01   -0.5081432847E+01    0.5499628100E+02   -0.8936336967E-03
       214    0.1335480231E+01    0.1233666547E+01   -0.5076922612E+01    0.6669049060E+02   -0.6726470410E-03
       215    0.1359502783E+01    0.1449049891E+01   -0.5007409535E+01    0.3881283589E+02   -0.3031724986E-02
       216    0.1361347433E+01    0.1302808657E+01   -0.4998111385E+01    0.6273556095E+02   -0.2526594708E-02
       217    0.1363101793E+01    0.1342440643E+01   -0.4921541605E+01    0.4684768927E+02   -0.1515424831E-02
       218    0.1373896166E+01    0.1270480556E+01   -0.4916733121E+01    0.5878063129E+02   -0.1294438176E-02
       219    0.1354442808E+01    0.1456055963E+01   -0.4842512115E+01    0.3035730248E+02   -0.2677188875E-02
       220    0.1354561060E+01    0.1379413078E+01   -0.4837545160E+01    0.4277339340E+02   -0.2393045253E-02
       221    0.1374006135E+01    0.1306786030E+01   -0.4832567985E+01    0.5482570163E+02   -0.2172058597E-02
       222    0.1338743914E+01    0.1365561085E+01   -0.4750525862E+01    0.3869909753E+02   -0.1733485048E-02
       223    0.1360752251E+01    0.1292264548E+01   -0.4745364376E+01    0.5087077197E+02   -0.1512498393E-02
       224    0.1320765850E+01    0.1389730722E+01   -0.4660196121E+01    0.3462480167E+02   -0.2251433091E-02
       225    0.1330123202E+01    0.1307876535E+01   -0.4560634584E+01    0.4296091265E+02   -0.1608129125E-02
       226    0.1351556611E+01    0.1660966902E+01   -0.5293697625E+01    0.2089763044E+02   -0.5156215951E-02
       227    0.1347864184E+01    0.1575360968E+01   -0.5289761130E+01    0.3351227425E+02   -0.4625748625E-02
       228    0.1420871290E+01    0.1497804028E+01   -0.5285818767E+01    0.4555092879E+02   -0.4246857607E-02
       229    0.1369752192E+01    0.1425277353E+01   -0.5281870515E+01    0.5722958996E+02   -0.3962701848E-02
       230    0.1274295047E+01    0.1356103867E+01   -0.5277916351E+01    0.6866825562E+02   -0.3741702988E-02
       231    0.1375448402E+01    0.1487204633E+01   -0.5217297381E+01    0.2900030229E+02   -0.1553421884E-02
       232    0.1410174950E+01    0.1408472356E+01   -0.5213244618E+01    0.4125495282E+02   -0.1174530866E-02
       233    0.1418061626E+01    0.1335059641E+01   -0.5209185543E+01    0.5309561099E+02   -0.8903751079E-03
       234    0.1413962932E+01    0.1560024133E+01   -0.5142762778E+01    0.2448833034E+02   -0.3407369552E-02
       235    0.1373421604E+01    0.1480115213E+01   -0.5138591547E+01    0.3695897686E+02   -0.3028478533E-02
       236    0.1425418251E+01    0.1405815144E+01   -0.5134413532E+01    0.4896163202E+02   -0.2744322775E-02
       237    0.1406853406E+01    0.1335253941E+01   -0.5130228706E+01    0.6065229301E+02   -0.2523323915E-02
       238    0.1377656359E+01    0.1450341690E+01   -0.5061703955E+01    0.3266300089E+02   -0.1796322001E-02
       239    0.1400092802E+01    0.1375152792E+01   -0.5057397886E+01    0.4482765305E+02   -0.1512166243E-02
       240    0.1412630947E+01    0.1303895585E+01   -0.5053084471E+01    0.5664431170E+02   -0.1291167382E-02
       241    0.1390842981E+01    0.1413183422E+01   -0.4977962321E+01    0.4069367408E+02   -0.2389786664E-02
       242    0.1400681728E+01    0.1341228533E+01   -0.4973509961E+01    0.5263633039E+02   -0.2168787804E-02
       243    0.1367557618E+01    0.1400454929E+01   -0.4895907290E+01    0.3655969511E+02   -0.1730226459E-02
       244    0.1388273374E+01    0.1327800455E+01   -0.4891304226E+01    0.4862834909E+02   -0.1509227599E-02
       245    0.1345548828E+01    0.1425823139E+01   -0.4811005538E+01    0.3242571614E+02   -0.2248174502E-02
       246    0.1382422113E+01    0.1352466904E+01   -0.4806238335E+01    0.4462036778E+02   -0.2027175642E-02
       247    0.1372922776E+01    0.1602589135E+01   -0.5407431975E+01    0.3196928933E+02   -0.4622993323E-02
       248    0.1416544965E+01    0.1525588083E+01   -0.5403848253E+01    0.4391498719E+02   -0.4244093066E-02
       249    0.1414820474E+01    0.1453719009E+01   -0.5400259771E+01    0.5548174468E+02   -0.3959928023E-02
       250    0.1270228203E+01    0.1385270996E+01   -0.5396666514E+01    0.6679587527E+02   -0.3738919831E-02
       251    0.1417399081E+01    0.1602307773E+01   -0.5341821769E+01    0.1450742764E+02   -0.2081143102E-02
       252    0.1397916785E+01    0.1515374237E+01   -0.5338149382E+01    0.2737773989E+02   -0.1550666583E-02
       253    0.1447050584E+01    0.1437139628E+01   -0.5334471935E+01    0.3955080196E+02   -0.1171766326E-02
       254    0.1452413797E+01    0.1364341542E+01   -0.5330789411E+01    0.5128808260E+02   -0.8876012824E-03
       255    0.1389819862E+01    0.1295167528E+01   -0.5327101792E+01    0.6273484232E+02   -0.6665930905E-03
       256    0.1436600063E+01    0.1589171469E+01   -0.5267020129E+01    0.2278619046E+02   -0.3404614250E-02
       257    0.1420549213E+01    0.1509702272E+01   -0.5263242580E+01    0.3518661674E+02   -0.3025713993E-02
       258    0.1453066518E+01    0.1435974135E+01   -0.5259459600E+01    0.4709442053E+02   -0.2741548950E-02
       259    0.1434502871E+01    0.1366073077E+01   -0.5255671170E+01    0.5867380936E+02   -0.2520540758E-02
       260    0.1417766434E+01    0.1406230079E+01   -0.5186140681E+01    0.4290075846E+02   -0.1509392417E-02
       261    0.1447654713E+01    0.1335600814E+01   -0.5182244256E+01    0.5461277641E+02   -0.1288384225E-02
       262    0.1404276286E+01    0.1520817159E+01   -0.5114694072E+01    0.2645824629E+02   -0.2671177882E-02
       263    0.1416537790E+01    0.1445225315E+01   -0.5110687901E+01    0.3870709638E+02   -0.2387012839E-02
       264    0.1429559461E+01    0.1373866541E+01   -0.5106675439E+01    0.5055174346E+02   -0.2166004647E-02
       265    0.1406422019E+01    0.1433513754E+01   -0.5032938875E+01    0.3451343431E+02   -0.1727452634E-02
       266    0.1421355888E+01    0.1361424007E+01   -0.5028801333E+01    0.4649071050E+02   -0.1506444442E-02
       267    0.1381375333E+01    0.1459958371E+01   -0.4952710496E+01    0.3031977224E+02   -0.2245400676E-02
       268    0.1402858217E+01    0.1387135995E+01   -0.4948437647E+01    0.4242967755E+02   -0.2024392484E-02
       269    0.1547181646E+01    0.1501894415E+01   -0.2616152156E+01    0.4554027471E+00   -0.1019074499E-01
       270    0.9535863910E+00    0.9372225162E+00   -0.2393781046E+01    0.6683099916E+02   -0.4908024542E-02
       271    0.1245338208E+01    0.1047826172E+01   -0.2453210410E+01    0.5119202972E+02   -0.5432608053E-02
       272    0.6100633000E+00    0.7390655027E+00    0.1464591888E+01    0.5457752432E+01   -0.7888610135E-02
       273    0.6826667500E+00    0.7390655027E+00    0.1464591888E+01    0.5457752432E+01   -0.7888610135E-02
       274    0.5185346720E+00    0.8082392709E+00    0.1279438862E+01    0.1431924555E+02   -0.1053589147E-01
       275    0.3011722980E+00    0.4179196850E+00    0.2849690852E+01    0.7725346430E+01   -0.5300182811E-02
       276    0.2325735330E+00    0.2299991104E+00    0.2933189372E+01    0.2737231108E+02   -0.3189327208E-02
       277    0.2826828770E+00    0.1191256383E+00    0.2973212836E+01    0.4364790029E+02   -0.2664743697E-02
       278    0.1841239560E+00    0.1191256383E+00    0.2973212836E+01    0.4364790029E+02   -0.2664743697E-02
       279    0.1635460110E+00    0.2231839095E+00    0.3478628823E+01    0.4386854213E+02   -0.8377465722E-02
       280    0.1622353020E+00    0.2549037229E+00    0.3507239238E+01    0.2090844529E+02   -0.5730184388E-02
       281    0.2468148980E+00    0.2231839095E+00    0.3478628823E+01    0.4386854213E+02   -0.8377465722E-02
       282    0.2341624580E+00    0.2059238435E+00    0.3563100121E+01    0.1546245176E+02   -0.3619328785E-02
       283    0.1682773920E+00    0.2549037229E+00    0.3507239238E+01    0.2090844529E+02   -0.5730184388E-02
       284    0.1544400580E+00    0.2059238435E+00    0.3563100121E+01    0.1546245176E+02   -0.3619328785E-02
       285    0.1274745250E+00    0.2549037229E+00    0.3507239238E+01    0.2090844529E+02   -0.5730184388E-02
       286    0.2511576790E+00    0.2231839095E+00    0.3478628823E+01    0.4386854213E+02   -0.8377465722E-02
       287    0.1710773730E+00    0.1592212291E+00    0.4003929268E+01    0.1431454619E+02   -0.4184687888E-02
       288    0.3298780980E+00    0.5873882347E-01    0.3959899223E+01    0.5864319043E+02   -0.8152760433E-02
       289    0.2202380950E+00    0.1875149314E+00    0.4025585738E+01    0.3552592448E+01   -0.3394623495E-02
       290    0.1110082690E+00    0.1000353565E+00    0.3982035958E+01    0.3409154415E+02   -0.5505479098E-02
       291    0.1405113080E+00    0.1875149314E+00    0.4025585738E+01    0.3552592448E+01   -0.3394623495E-02
       292    0.3269762910E+00    0.5873882347E-01    0.3959899223E+01    0.5864319043E+02   -0.8152760433E-02
       293    0.1286194210E+00    0.1000353565E+00    0.3982035958E+01    0.3409154415E+02   -0.5505479098E-02
       294    0.1443352298E+01    0.1330744601E+01   -0.3327965804E+01    0.2882013515E+02   -0.6086683383E-02
       295    0.1483251231E+01    0.1220132483E+01   -0.3304157881E+01    0.4388995791E+02   -0.5292587774E-02
       296    0.1339557717E+01    0.1289031184E+01   -0.2564122962E+01    0.1563703629E+02   -0.6431829863E-02
       297    0.1369749574E+01    0.1415355346E+01   -0.2603339177E+01    0.1342645800E+01   -0.7756475921E-02
       298    0.1362132238E+01    0.1172312739E+01   -0.2523669027E+01    0.3134347882E+02   -0.5637734253E-02
       299    0.1082993833E+01    0.1067475831E+01   -0.2481874830E+01    0.4641330157E+02   -0.5108931914E-02
       300    0.1522943751E+01    0.1400277658E+01   -0.2641408209E+01    0.2150542673E+02   -0.1040744612E-01
       301    0.6034834780E+00    0.6120042775E+00    0.1162447352E+01    0.3787162445E+02   -0.7819018793E-02
       302    0.2264357190E+00    0.3144949352E+00    0.2817080731E+01    0.2983090943E+02   -0.5598050173E-02
       303    0.1652540620E+00    0.2759154773E+00    0.2783697628E+01    0.5423782218E+02   -0.8249020370E-02
       304    0.2060207240E+00    0.2533682557E+00    0.2912761398E+01    0.2216916976E+02   -0.2950506167E-02
       305    0.2109250400E+00    0.2533682557E+00    0.2912761398E+01    0.2216916976E+02   -0.2950506167E-02
       306    0.3226931310E+00    0.7069651356E-01    0.3464145419E+01    0.7060401990E+02   -0.8024315080E-02
       307    0.2349385800E+00    0.1837467646E+00    0.3507239238E+01    0.2391226029E+02   -0.4048698826E-02
       308    0.1728826780E+00    0.1837467646E+00    0.3507239238E+01    0.2391226029E+02   -0.4048698826E-02
       309    0.1615346380E+01    0.1442383718E+01   -0.3859424281E+01    0.2367582828E+02   -0.6026624722E-02
       310    0.1597114150E+01    0.1571446850E+01   -0.3873434276E+01    0.8114852033E+01   -0.7352259016E-02
       311    0.1379044842E+01    0.1505450737E+01   -0.3365364765E+01    0.7190312737E+01   -0.7697405495E-02
       312    0.1415827076E+01    0.1334554261E+01   -0.3327965804E+01    0.2499267272E+02   -0.5576661908E-02
       313    0.1526309587E+01    0.1445599983E+01   -0.3346769764E+01    0.9696954707E+01   -0.6371771202E-02
       314    0.1151824552E+01    0.1184697059E+01   -0.2656332922E+01    0.4601420092E+02   -0.7760912019E-02
       315    0.1305478432E+01    0.1219029852E+01   -0.2626312905E+01    0.2249547751E+02   -0.5108978171E-02
       316    0.5298426890E+00    0.5671070014E+00    0.1359606670E+01    0.1826079245E+02   -0.4213345454E-02
       317    0.2203301580E+00    0.3606225757E+00    0.2875251595E+01    0.1534868837E+01   -0.2663688506E-02
       318    0.1579912486E+01    0.1658830896E+01   -0.4280481277E+01    0.3912410446E+01   -0.7320703373E-02
       319    0.1557526342E+01    0.1336860994E+01   -0.4251711557E+01    0.4692341406E+02   -0.4669066833E-02
       320    0.1688323499E+01    0.1531352192E+01   -0.4270934405E+01    0.1931044459E+02   -0.5994724663E-02
       321    0.1444724980E+01    0.1336860994E+01   -0.4251711557E+01    0.4692341406E+02   -0.4669066833E-02
       322    0.1591468136E+01    0.1447972101E+01   -0.3857079371E+01    0.1961552058E+02   -0.5544411696E-02
       323    0.1302227004E+01    0.1305244491E+01   -0.3374585699E+01    0.2881998500E+02   -0.5077422528E-02
       324    0.1430471461E+01    0.1358903977E+01   -0.3359189291E+01    0.1023885200E+02   -0.3751443819E-02
       325    0.8347950430E+00    0.1053044864E+01   -0.2666190307E+01    0.7331661235E+02   -0.8159696762E-02
       326    0.1453637332E+01    0.1173519400E+01   -0.2616152156E+01    0.2501350029E+02   -0.4181445396E-02
       327    0.9395562070E+00    0.1216212259E+01   -0.2564122962E+01    0.7374117477E+01   -0.2855787566E-02
       328    0.5378966840E+00    0.4020542369E+00    0.1162447352E+01    0.6155238045E+02   -0.5282718816E-02
       329    0.5746130890E+00    0.4563236721E+00    0.1279438862E+01    0.3978814859E+02   -0.3956740106E-02
       330    0.1633170109E+01    0.1539227313E+01   -0.4268198873E+01    0.1488956534E+02   -0.5525269930E-02
       331    0.1443226538E+01    0.1301934605E+01   -0.3895247380E+01    0.6125995185E+02   -0.7710989019E-02
       332    0.1401871839E+01    0.1373741754E+01   -0.3341418783E+01    0.1342219953E+01   -0.2836497187E-02
       333    0.6637284800E+00    0.8842392563E+00   -0.2673186921E+01    0.1035416439E+03   -0.7916285306E-02
       334    0.4526904260E+00    0.1119731343E+01   -0.2608845868E+01    0.2847944988E+02   -0.3142138893E-02
       335    0.1760274198E+01    0.1587808357E+01   -0.4629405230E+01    0.4583513195E+02   -0.1028732191E-01
       336    0.1493989109E+01    0.1327050967E+01   -0.4294722240E+01    0.6856752741E+02   -0.7698894584E-02
       337    0.1522183395E+01    0.1510749489E+01   -0.4273325123E+01    0.4466696685E+01   -0.2924538920E-02
       338    0.1586082646E+01    0.1461979523E+01   -0.4266144921E+01    0.1010963599E+02   -0.2394120958E-02
       339    0.7518554950E+00    0.9448739957E+00   -0.3397420241E+01    0.1140323183E+03   -0.7904190872E-02
       340    0.1341351122E+01    0.1135415857E+01   -0.3374585699E+01    0.5347307749E+02   -0.3925511894E-02
       341    0.1798910248E+01    0.1732809181E+01   -0.5175174277E+01    0.8792329793E+01   -0.5955152137E-02
       342    0.1776764192E+01    0.1632935821E+01   -0.5170826161E+01    0.2243618742E+02   -0.5159438334E-02
       343    0.1775353250E+01    0.1605148248E+01   -0.4922840312E+01    0.5141369729E+02   -0.1027905108E-01
       344    0.1463180419E+01    0.1347435742E+01   -0.4283654124E+01    0.4269358752E+02   -0.4141872869E-02
       345    0.1161822191E+01    0.1093606194E+01   -0.3891958060E+01    0.8495857354E+02   -0.5243398099E-02
       346    0.1364236095E+01    0.1183452939E+01   -0.3884261283E+01    0.5985555996E+02   -0.3917167579E-02
       347    0.1448629634E+01    0.1329802843E+01   -0.3868775548E+01    0.2397347779E+02   -0.2590998451E-02
       348    0.1649342938E+01    0.1566066592E+01   -0.4910807793E+01    0.1331510849E+02   -0.2910188998E-02
       349    0.1654095943E+01    0.1612062275E+01   -0.4906461618E+01    0.1358959785E+01   -0.2379712479E-02
       350    0.7279903400E+00    0.9437435212E+00   -0.2873109116E+01    0.7725357129E+02   -0.4443021469E-02
       351    0.9882513480E+00    0.1078411350E+01   -0.3414562961E+01    0.5144378978E+02   -0.1654911934E-02
       352    0.9972215830E+00    0.1057328747E+01   -0.3350189943E+01    0.5476519508E+02   -0.1872880089E-02
       353    0.9108707530E+00    0.1045126265E+01   -0.4017820738E+01    0.8898944787E+02   -0.3800257666E-02
       354    0.1135214197E+01    0.1191595219E+01   -0.3927286358E+01    0.4554223459E+02   -0.1610731054E-02
       355    0.1089153632E+01    0.1028302743E+01   -0.3284420308E+01    0.5767835905E+02   -0.1788361108E-02
       356    0.1174791632E+01    0.1092890264E+01   -0.3866672170E+01    0.6179624235E+02   -0.1556030449E-02
       357    0.1052120503E+01    0.1039817673E+01   -0.3715387851E+01    0.7114380675E+02   -0.2212929141E-02
       358    0.1208024082E+01    0.1378146873E+01   -0.4432745850E+01    0.4462226924E+02   -0.4658277127E-02
       359    0.1042520237E+01    0.1141267656E+01   -0.4408010588E+01    0.8268066570E+02   -0.3774781401E-02
       360    0.1138904555E+01    0.1253640155E+01   -0.3970972071E+01    0.4198046312E+02   -0.2706652625E-02
       361    0.1196658005E+01    0.1253640155E+01   -0.3970972071E+01    0.4198046312E+02   -0.2706652625E-02
       362    0.1192960468E+01    0.1151303131E+01   -0.4378837940E+01    0.7242851173E+02   -0.2547718408E-02
       363    0.1228397793E+01    0.1144283158E+01   -0.4159412698E+01    0.6494306560E+02   -0.2193182297E-02
       364    0.1170581703E+01    0.1217580405E+01   -0.3923756127E+01    0.4462992515E+02   -0.2272445818E-02
       365    0.1404178342E+01    0.1309335052E+01   -0.2564122962E+01    0.1864085129E+02   -0.7543463655E-02
       366    0.1157379916E+01    0.1168383905E+01   -0.2509891997E+01    0.3523475039E+02   -0.6222672445E-02
       367    0.1054498340E+01    0.1047826172E+01   -0.2453210410E+01    0.5119202972E+02   -0.5432608053E-02
       368    0.9195913600E+00    0.9372225162E+00   -0.2393781046E+01    0.6683099916E+02   -0.4908024542E-02
       369    0.1623621123E+01    0.1501894415E+01   -0.2616152156E+01    0.4554027471E+00   -0.1019074499E-01
       370    0.1092930713E+01    0.1047826172E+01   -0.2453210410E+01    0.5119202972E+02   -0.5432608053E-02
       371    0.1617501119E+01    0.1501894415E+01   -0.2616152156E+01    0.4554027471E+00   -0.1019074499E-01
       372    0.1582295656E+01    0.1309335052E+01   -0.2564122962E+01    0.1864085129E+02   -0.7543463655E-02
       373    0.1313210144E+01    0.1168383905E+01   -0.2509891997E+01    0.3523475039E+02   -0.6222672445E-02
       374    0.1179490956E+01    0.1047826172E+01   -0.2453210410E+01    0.5119202972E+02   -0.5432608053E-02
       375    0.1576575732E+01    0.1501894415E+01   -0.2616152156E+01    0.4554027471E+00   -0.1019074499E-01
       376    0.1611647704E+01    0.1309335052E+01   -0.2564122962E+01    0.1864085129E+02   -0.7543463655E-02
       377    0.1347585723E+01    0.1168383905E+01   -0.2509891997E+01    0.3523475039E+02   -0.6222672445E-02
       378    0.9131082420E+00    0.9372225162E+00   -0.2393781046E+01    0.6683099916E+02   -0.4908024542E-02
       379    0.1608308630E+01    0.1501894415E+01   -0.2616152156E+01    0.4554027471E+00   -0.1019074499E-01
       380    0.1558561878E+01    0.1309335052E+01   -0.2564122962E+01    0.1864085129E+02   -0.7543463655E-02
       381    0.1381328859E+01    0.1168383905E+01   -0.2509891997E+01    0.3523475039E+02   -0.6222672445E-02
       382    0.8858349940E+00    0.9372225162E+00   -0.2393781046E+01    0.6683099916E+02   -0.4908024542E-02
       383    0.1630498522E+01    0.1501894415E+01   -0.2616152156E+01    0.4554027471E+00   -0.1019074499E-01
       384    0.1546954712E+01    0.1309335052E+01   -0.2564122962E+01    0.1864085129E+02   -0.7543463655E-02
       385    0.4955598690E+00    0.8082392709E+00    0.1279438862E+01    0.1431924555E+02   -0.1053589147E-01
       386    0.4502971750E+00    0.7390655027E+00    0.1464591888E+01    0.5457752432E+01   -0.7888610135E-02
       387    0.5430653340E+00    0.5787666976E+00    0.1611991954E+01    0.2284742624E+02   -0.6567818925E-02
       388    0.4495732800E+00    0.4446753627E+00    0.1736465693E+01    0.3928217040E+02   -0.5777754532E-02
       389    0.3615893930E+00    0.3243725461E+00    0.1845270149E+01    0.5523944972E+02   -0.5253171021E-02
       390    0.5384010270E+00    0.8082392709E+00    0.1279438862E+01    0.1431924555E+02   -0.1053589147E-01
       391    0.5782847610E+00    0.5787666976E+00    0.1611991954E+01    0.2284742624E+02   -0.6567818925E-02
       392    0.3982142860E+00    0.4446753627E+00    0.1736465693E+01    0.3928217040E+02   -0.5777754532E-02
       393    0.3556361640E+00    0.3243725461E+00    0.1845270149E+01    0.5523944972E+02   -0.5253171021E-02
       394    0.5512539110E+00    0.8082392709E+00    0.1279438862E+01    0.1431924555E+02   -0.1053589147E-01
       395    0.6950438020E+00    0.5787666976E+00    0.1611991954E+01    0.2284742624E+02   -0.6567818925E-02
       396    0.5738180560E+00    0.4446753627E+00    0.1736465693E+01    0.3928217040E+02   -0.5777754532E-02
       397    0.6115831650E+00    0.7390655027E+00    0.1464591888E+01    0.5457752432E+01   -0.7888610135E-02
       398    0.6976882290E+00    0.5787666976E+00    0.1611991954E+01    0.2284742624E+02   -0.6567818925E-02
       399    0.3787293790E+00    0.3243725461E+00    0.1845270149E+01    0.5523944972E+02   -0.5253171021E-02
       400    0.5225143100E+00    0.8082392709E+00    0.1279438862E+01    0.1431924555E+02   -0.1053589147E-01
       401    0.4767387050E+00    0.7390655027E+00    0.1464591888E+01    0.5457752432E+01   -0.7888610135E-02
       402    0.5801745480E+00    0.5787666976E+00    0.1611991954E+01    0.2284742624E+02   -0.6567818925E-02
       403    0.4040542110E+00    0.4446753627E+00    0.1736465693E+01    0.3928217040E+02   -0.5777754532E-02
       404    0.5361934250E+00    0.8082392709E+00    0.1279438862E+01    0.1431924555E+02   -0.1053589147E-01
       405    0.5006720430E+00    0.5787666976E+00    0.1611991954E+01    0.2284742624E+02   -0.6567818925E-02
       406    0.4109430310E+00    0.4446753627E+00    0.1736465693E+01    0.3928217040E+02   -0.5777754532E-02
       407    0.2020388390E+00    0.4179196850E+00    0.2849690852E+01    0.7725346430E+01   -0.5300182811E-02
       408    0.2046459140E+00    0.3531590620E+00    0.2892042800E+01    0.1046010210E+02   -0.3979391600E-02
       409    0.2026715360E+00    0.2299991104E+00    0.2933189372E+01    0.2737231108E+02   -0.3189327208E-02
       410    0.2686560930E+00    0.1191256383E+00    0.2973212836E+01    0.4364790029E+02   -0.2664743697E-02
       411    0.2052642420E+00    0.3971632899E+00    0.2806041170E+01    0.2909389384E+02   -0.7947464146E-02
       412    0.2700115340E+00    0.4179196850E+00    0.2849690852E+01    0.7725346430E+01   -0.5300182811E-02
       413    0.2308230610E+00    0.2299991104E+00    0.2933189372E+01    0.2737231108E+02   -0.3189327208E-02
       414    0.2547360410E+00    0.1191256383E+00    0.2973212836E+01    0.4364790029E+02   -0.2664743697E-02
       415    0.2124746450E+00    0.3971632899E+00    0.2806041170E+01    0.2909389384E+02   -0.7947464146E-02
       416    0.2783283580E+00    0.3531590620E+00    0.2892042800E+01    0.1046010210E+02   -0.3979391600E-02
       417    0.1573802540E+00    0.3971632899E+00    0.2806041170E+01    0.2909389384E+02   -0.7947464146E-02
       418    0.2520483090E+00    0.3531590620E+00    0.2892042800E+01    0.1046010210E+02   -0.3979391600E-02
       419    0.2370942040E+00    0.2299991104E+00    0.2933189372E+01    0.2737231108E+02   -0.3189327208E-02
       420    0.2381650570E+00    0.1191256383E+00    0.2973212836E+01    0.4364790029E+02   -0.2664743697E-02
       421    0.1410105690E+00    0.3971632899E+00    0.2806041170E+01    0.2909389384E+02   -0.7947464146E-02
       422    0.2051061930E+00    0.4179196850E+00    0.2849690852E+01    0.7725346430E+01   -0.5300182811E-02
       423    0.2010996900E+00    0.3531590620E+00    0.2892042800E+01    0.1046010210E+02   -0.3979391600E-02
       424    0.1684095330E+00    0.3971632899E+00    0.2806041170E+01    0.2909389384E+02   -0.7947464146E-02
       425    0.2761077970E+00    0.4179196850E+00    0.2849690852E+01    0.7725346430E+01   -0.5300182811E-02
       426    0.2427078770E+00    0.3531590620E+00    0.2892042800E+01    0.1046010210E+02   -0.3979391600E-02
       427    0.1637031560E+00    0.2299991104E+00    0.2933189372E+01    0.2737231108E+02   -0.3189327208E-02
       428    0.2013807570E+00    0.1191256383E+00    0.2973212836E+01    0.4364790029E+02   -0.2664743697E-02
       429    0.2115133110E+00    0.9540682827E-01    0.3590385490E+01    0.3205635086E+02   -0.3094745274E-02
       430    0.2298010890E+00    0.2231839095E+00    0.3478628823E+01    0.4386854213E+02   -0.8377465722E-02
       431    0.2043954240E+00    0.3088121687E+00    0.3535390337E+01    0.1927222048E+01   -0.4409393177E-02
       432    0.2348282990E+00    0.2059238435E+00    0.3563100121E+01    0.1546245176E+02   -0.3619328785E-02
       433    0.2238425020E+00    0.9540682827E-01    0.3590385490E+01    0.3205635086E+02   -0.3094745274E-02
       434    0.1763325760E+00    0.3088121687E+00    0.3535390337E+01    0.1927222048E+01   -0.4409393177E-02
       435    0.1601539080E+00    0.3088121687E+00    0.3535390337E+01    0.1927222048E+01   -0.4409393177E-02
       436    0.2213509840E+00    0.9540682827E-01    0.3590385490E+01    0.3205635086E+02   -0.3094745274E-02
       437    0.1503362200E+00    0.3088121687E+00    0.3535390337E+01    0.1927222048E+01   -0.4409393177E-02
       438    0.1717623220E+00    0.2059238435E+00    0.3563100121E+01    0.1546245176E+02   -0.3619328785E-02
       439    0.1641465830E+00    0.2549037229E+00    0.3507239238E+01    0.2090844529E+02   -0.5730184388E-02
       440    0.1469517200E+00    0.3088121687E+00    0.3535390337E+01    0.1927222048E+01   -0.4409393177E-02
       441    0.1736719460E+00    0.2059238435E+00    0.3563100121E+01    0.1546245176E+02   -0.3619328785E-02
       442    0.1991721310E+00    0.9540682827E-01    0.3590385490E+01    0.3205635086E+02   -0.3094745274E-02
       443    0.1532095160E+00    0.1000353565E+00    0.3982035958E+01    0.3409154415E+02   -0.5505479098E-02
       444    0.1726735850E+00    0.7624077420E-01    0.4047011672E+01    0.2046480143E+02   -0.2870039984E-02
       445    0.2016637750E+00    0.1592212291E+00    0.4003929268E+01    0.1431454619E+02   -0.4184687888E-02
       446    0.2195671890E+00    0.1875149314E+00    0.4025585738E+01    0.3552592448E+01   -0.3394623495E-02
       447    0.2374588130E+00    0.7624077420E-01    0.4047011672E+01    0.2046480143E+02   -0.2870039984E-02
       448    0.3318650270E+00    0.5873882347E-01    0.3959899223E+01    0.5864319043E+02   -0.8152760433E-02
       449    0.1439294300E+00    0.1000353565E+00    0.3982035958E+01    0.3409154415E+02   -0.5505479098E-02
       450    0.1789800760E+00    0.1592212291E+00    0.4003929268E+01    0.1431454619E+02   -0.4184687888E-02
       451    0.2610090850E+00    0.7624077420E-01    0.4047011672E+01    0.2046480143E+02   -0.2870039984E-02
       452    0.3040400600E+00    0.5873882347E-01    0.3959899223E+01    0.5864319043E+02   -0.8152760433E-02
       453    0.1326451790E+00    0.1592212291E+00    0.4003929268E+01    0.1431454619E+02   -0.4184687888E-02
       454    0.1758770870E+00    0.7624077420E-01    0.4047011672E+01    0.2046480143E+02   -0.2870039984E-02
       455    0.1498207890E+00    0.1592212291E+00    0.4003929268E+01    0.1431454619E+02   -0.4184687888E-02
       456    0.1578682460E+00    0.1875149314E+00    0.4025585738E+01    0.3552592448E+01   -0.3394623495E-02
       457    0.1644220650E+00    0.7624077420E-01    0.4047011672E+01    0.2046480143E+02   -0.2870039984E-02
       458    0.3443021350E+00    0.5873882347E-01    0.3959899223E+01    0.5864319043E+02   -0.8152760433E-02
       459    0.1394324810E+00    0.1592212291E+00    0.4003929268E+01    0.1431454619E+02   -0.4184687888E-02
       460    0.1653527390E+00    0.1875149314E+00    0.4025585738E+01    0.3552592448E+01   -0.3394623495E-02
       461    0.1894382010E+00    0.7624077420E-01    0.4047011672E+01    0.2046480143E+02   -0.2870039984E-02
       462    0.1325481886E+01    0.1220132483E+01   -0.3304157881E+01    0.4388995791E+02   -0.5292587774E-02
       463    0.1172215613E+01    0.1120425362E+01   -0.3280001829E+01    0.5853536748E+02   -0.4763785435E-02
       464    0.1431387021E+01    0.1463223878E+01   -0.3351437877E+01    0.1290148602E+02   -0.7411329441E-02
       465    0.1487965014E+01    0.1330744601E+01   -0.3327965804E+01    0.2882013515E+02   -0.6086683383E-02
       466    0.1391174215E+01    0.1220132483E+01   -0.3304157881E+01    0.4388995791E+02   -0.5292587774E-02
       467    0.1535625522E+01    0.1463223878E+01   -0.3351437877E+01    0.1290148602E+02   -0.7411329441E-02
       468    0.1515373684E+01    0.1330744601E+01   -0.3327965804E+01    0.2882013515E+02   -0.6086683383E-02
       469    0.1425646034E+01    0.1220132483E+01   -0.3304157881E+01    0.4388995791E+02   -0.5292587774E-02
       470    0.1570547296E+01    0.1463223878E+01   -0.3351437877E+01    0.1290148602E+02   -0.7411329441E-02
       471    0.1457879283E+01    0.1220132483E+01   -0.3304157881E+01    0.4388995791E+02   -0.5292587774E-02
       472    0.1124541331E+01    0.1120425362E+01   -0.3280001829E+01    0.5853536748E+02   -0.4763785435E-02
       473    0.1682891720E+01    0.1595373306E+01   -0.3374585699E+01    0.5139229008E+01   -0.1006229964E-01
       474    0.1534607313E+01    0.1463223878E+01   -0.3351437877E+01    0.1290148602E+02   -0.7411329441E-02
       475    0.1561412459E+01    0.1330744601E+01   -0.3327965804E+01    0.2882013515E+02   -0.6086683383E-02
       476    0.1112668763E+01    0.1120425362E+01   -0.3280001829E+01    0.5853536748E+02   -0.4763785435E-02
       477    0.1278673041E+01    0.1172312739E+01   -0.2523669027E+01    0.3134347882E+02   -0.5637734253E-02
       478    0.1099070739E+01    0.1067475831E+01   -0.2481874830E+01    0.4641330157E+02   -0.5108931914E-02
       479    0.1518535633E+01    0.1400277658E+01   -0.2641408209E+01    0.2150542673E+02   -0.1040744612E-01
       480    0.1423602163E+01    0.1289031184E+01   -0.2564122962E+01    0.1563703629E+02   -0.6431829863E-02
       481    0.1077795333E+01    0.1067475831E+01   -0.2481874830E+01    0.4641330157E+02   -0.5108931914E-02
       482    0.1490225876E+01    0.1400277658E+01   -0.2641408209E+01    0.2150542673E+02   -0.1040744612E-01
       483    0.1415551240E+01    0.1415355346E+01   -0.2603339177E+01    0.1342645800E+01   -0.7756475921E-02
       484    0.1469576128E+01    0.1289031184E+01   -0.2564122962E+01    0.1563703629E+02   -0.6431829863E-02
       485    0.1051447486E+01    0.1067475831E+01   -0.2481874830E+01    0.4641330157E+02   -0.5108931914E-02
       486    0.1521382995E+01    0.1400277658E+01   -0.2641408209E+01    0.2150542673E+02   -0.1040744612E-01
       487    0.1449063253E+01    0.1415355346E+01   -0.2603339177E+01    0.1342645800E+01   -0.7756475921E-02
       488    0.1465880348E+01    0.1415355346E+01   -0.2603339177E+01    0.1342645800E+01   -0.7756475921E-02
       489    0.1492498185E+01    0.1289031184E+01   -0.2564122962E+01    0.1563703629E+02   -0.6431829863E-02
       490    0.1438634216E+01    0.1172312739E+01   -0.2523669027E+01    0.3134347882E+02   -0.5637734253E-02
       491    0.1047208763E+01    0.1067475831E+01   -0.2481874830E+01    0.4641330157E+02   -0.5108931914E-02
       492    0.6167231240E+00    0.6173827290E+00    0.1330670039E+01    0.1558677762E+02   -0.5168048596E-02
       493    0.5411196520E+00    0.6227016209E+00    0.1464591888E+01    0.2453937431E+01   -0.3843402539E-02
       494    0.4469703280E+00    0.4908122093E+00    0.1577683785E+01    0.1879699973E+02   -0.3049306929E-02
       495    0.4803119690E+00    0.3744632412E+00    0.1676539193E+01    0.3429123566E+02   -0.2520504590E-02
       496    0.6463920030E+00    0.6173827290E+00    0.1330670039E+01    0.1558677762E+02   -0.5168048596E-02
       497    0.6639490460E+00    0.6227016209E+00    0.1464591888E+01    0.2453937431E+01   -0.3843402539E-02
       498    0.5688447600E+00    0.4908122093E+00    0.1577683785E+01    0.1879699973E+02   -0.3049306929E-02
       499    0.4860493560E+00    0.3744632412E+00    0.1676539193E+01    0.3429123566E+02   -0.2520504590E-02
       500    0.5087625500E+00    0.6120042775E+00    0.1162447352E+01    0.3787162445E+02   -0.7819018793E-02
       501    0.5691382270E+00    0.4908122093E+00    0.1577683785E+01    0.1879699973E+02   -0.3049306929E-02
       502    0.5422083010E+00    0.6120042775E+00    0.1162447352E+01    0.3787162445E+02   -0.7819018793E-02
       503    0.5688695840E+00    0.6173827290E+00    0.1330670039E+01    0.1558677762E+02   -0.5168048596E-02
       504    0.5183731670E+00    0.6227016209E+00    0.1464591888E+01    0.2453937431E+01   -0.3843402539E-02
       505    0.4562801550E+00    0.4908122093E+00    0.1577683785E+01    0.1879699973E+02   -0.3049306929E-02
       506    0.4854626740E+00    0.3744632412E+00    0.1676539193E+01    0.3429123566E+02   -0.2520504590E-02
       507    0.5718723990E+00    0.6173827290E+00    0.1330670039E+01    0.1558677762E+02   -0.5168048596E-02
       508    0.4985814990E+00    0.4908122093E+00    0.1577683785E+01    0.1879699973E+02   -0.3049306929E-02
       509    0.5047069170E+00    0.3744632412E+00    0.1676539193E+01    0.3429123566E+02   -0.2520504590E-02
       510    0.1342367260E+00    0.2759154773E+00    0.2783697628E+01    0.5423782218E+02   -0.8249020370E-02
       511    0.2438119140E+00    0.3682011343E+00    0.2849690852E+01    0.1072916143E+02   -0.4273404115E-02
       512    0.2261526690E+00    0.3610370878E+00    0.2881571240E+01    0.6250520639E+01   -0.3479308506E-02
       513    0.2764506870E+00    0.3682011343E+00    0.2849690852E+01    0.1072916143E+02   -0.4273404115E-02
       514    0.2911093630E+00    0.2533682557E+00    0.2912761398E+01    0.2216916976E+02   -0.2950506167E-02
       515    0.1909513640E+00    0.2759154773E+00    0.2783697628E+01    0.5423782218E+02   -0.8249020370E-02
       516    0.2544097800E+00    0.3144949352E+00    0.2817080731E+01    0.2983090943E+02   -0.5598050173E-02
       517    0.2678712010E+00    0.3682011343E+00    0.2849690852E+01    0.1072916143E+02   -0.4273404115E-02
       518    0.2354286690E+00    0.2533682557E+00    0.2912761398E+01    0.2216916976E+02   -0.2950506167E-02
       519    0.1371076180E+00    0.2759154773E+00    0.2783697628E+01    0.5423782218E+02   -0.8249020370E-02
       520    0.2487170830E+00    0.3144949352E+00    0.2817080731E+01    0.2983090943E+02   -0.5598050173E-02
       521    0.2194940410E+00    0.3682011343E+00    0.2849690852E+01    0.1072916143E+02   -0.4273404115E-02
       522    0.2055266530E+00    0.3610370878E+00    0.2881571240E+01    0.6250520639E+01   -0.3479308506E-02
       523    0.1350462310E+00    0.2759154773E+00    0.2783697628E+01    0.5423782218E+02   -0.8249020370E-02
       524    0.2961542120E+00    0.3144949352E+00    0.2817080731E+01    0.2983090943E+02   -0.5598050173E-02
       525    0.2871877070E+00    0.3682011343E+00    0.2849690852E+01    0.1072916143E+02   -0.4273404115E-02
       526    0.2187412840E+00    0.3610370878E+00    0.2881571240E+01    0.6250520639E+01   -0.3479308506E-02
       527    0.2340253970E+00    0.7069651356E-01    0.3464145419E+01    0.7060401990E+02   -0.8024315080E-02
       528    0.2191794260E+00    0.1837467646E+00    0.3507239238E+01    0.2391226029E+02   -0.4048698826E-02
       529    0.3148765440E+00    0.2079188552E+00    0.3549299312E+01    0.1004710385E+02   -0.2725800877E-02
       530    0.2888247200E+00    0.7069651356E-01    0.3464145419E+01    0.7060401990E+02   -0.8024315080E-02
       531    0.1968955350E+00    0.2487201874E+00    0.3528394619E+01    0.6295958450E+01   -0.3254603216E-02
       532    0.2499555320E+00    0.2079188552E+00    0.3549299312E+01    0.1004710385E+02   -0.2725800877E-02
       533    0.1259982250E+00    0.1225421708E+00    0.3485825516E+01    0.4407504125E+02   -0.5373344884E-02
       534    0.1815750960E+00    0.1837467646E+00    0.3507239238E+01    0.2391226029E+02   -0.4048698826E-02
       535    0.2203264970E+00    0.2487201874E+00    0.3528394619E+01    0.6295958450E+01   -0.3254603216E-02
       536    0.1946254960E+00    0.2079188552E+00    0.3549299312E+01    0.1004710385E+02   -0.2725800877E-02
       537    0.3054629680E+00    0.7069651356E-01    0.3464145419E+01    0.7060401990E+02   -0.8024315080E-02
       538    0.9639382600E-01    0.1225421708E+00    0.3485825516E+01    0.4407504125E+02   -0.5373344884E-02
       539    0.1835679060E+00    0.2487201874E+00    0.3528394619E+01    0.6295958450E+01   -0.3254603216E-02
       540    0.1575847187E+01    0.1649905424E+01   -0.3887343652E+01    0.1009870661E+02   -0.1000419286E-01
       541    0.1462900474E+01    0.1571446850E+01   -0.3873434276E+01    0.8114852033E+01   -0.7352259016E-02
       542    0.1565890814E+01    0.1442383718E+01   -0.3859424281E+01    0.2367582828E+02   -0.6026624722E-02
       543    0.1512368073E+01    0.1336361854E+01   -0.3845311825E+01    0.3817577158E+02   -0.5231515428E-02
       544    0.1403263403E+01    0.1241852169E+01   -0.3831095016E+01    0.5214519838E+02   -0.4701673063E-02
       545    0.1531240953E+01    0.1571446850E+01   -0.3873434276E+01    0.8114852033E+01   -0.7352259016E-02
       546    0.1560280587E+01    0.1336361854E+01   -0.3845311825E+01    0.3817577158E+02   -0.5231515428E-02
       547    0.1317807896E+01    0.1241852169E+01   -0.3831095016E+01    0.5214519838E+02   -0.4701673063E-02
       548    0.1720652447E+01    0.1649905424E+01   -0.3887343652E+01    0.1009870661E+02   -0.1000419286E-01
       549    0.1564291331E+01    0.1571446850E+01   -0.3873434276E+01    0.8114852033E+01   -0.7352259016E-02
       550    0.1616966219E+01    0.1442383718E+01   -0.3859424281E+01    0.2367582828E+02   -0.6026624722E-02
       551    0.1560754007E+01    0.1336361854E+01   -0.3845311825E+01    0.3817577158E+02   -0.5231515428E-02
       552    0.1300884556E+01    0.1241852169E+01   -0.3831095016E+01    0.5214519838E+02   -0.4701673063E-02
       553    0.1718223089E+01    0.1649905424E+01   -0.3887343652E+01    0.1009870661E+02   -0.1000419286E-01
       554    0.1305927814E+01    0.1241852169E+01   -0.3831095016E+01    0.5214519838E+02   -0.4701673063E-02
       555    0.1484157119E+01    0.1483449896E+01   -0.3383756515E+01    0.2805645376E+02   -0.1034933934E-01
       556    0.1388248215E+01    0.1445599983E+01   -0.3346769764E+01    0.9696954707E+01   -0.6371771202E-02
       557    0.1351954063E+01    0.1236424263E+01   -0.3308946913E+01    0.3949261599E+02   -0.5046819543E-02
       558    0.1398990225E+01    0.1505450737E+01   -0.3365364765E+01    0.7190312737E+01   -0.7697405495E-02
       559    0.1457093508E+01    0.1445599983E+01   -0.3346769764E+01    0.9696954707E+01   -0.6371771202E-02
       560    0.1454773297E+01    0.1334554261E+01   -0.3327965804E+01    0.2499267272E+02   -0.5576661908E-02
       561    0.1389575690E+01    0.1236424263E+01   -0.3308946913E+01    0.3949261599E+02   -0.5046819543E-02
       562    0.1509330432E+01    0.1483449896E+01   -0.3383756515E+01    0.2805645376E+02   -0.1034933934E-01
       563    0.1496619976E+01    0.1505450737E+01   -0.3365364765E+01    0.7190312737E+01   -0.7697405495E-02
       564    0.1501759448E+01    0.1445599983E+01   -0.3346769764E+01    0.9696954707E+01   -0.6371771202E-02
       565    0.1484052320E+01    0.1334554261E+01   -0.3327965804E+01    0.2499267272E+02   -0.5576661908E-02
       566    0.1404523039E+01    0.1236424263E+01   -0.3308946913E+01    0.3949261599E+02   -0.5046819543E-02
       567    0.1534736700E+01    0.1483449896E+01   -0.3383756515E+01    0.2805645376E+02   -0.1034933934E-01
       568    0.1424299184E+01    0.1505450737E+01   -0.3365364765E+01    0.7190312737E+01   -0.7697405495E-02
       569    0.1512495664E+01    0.1334554261E+01   -0.3327965804E+01    0.2499267272E+02   -0.5576661908E-02
       570    0.1330698022E+01    0.1268249721E+01   -0.2595590449E+01    0.4281918870E+01   -0.3783343877E-02
       571    0.1354259888E+01    0.1196780830E+01   -0.2564122962E+01    0.1180957386E+02   -0.2988234584E-02
       572    0.1261734861E+01    0.1093664408E+01   -0.2531863563E+01    0.2684003361E+02   -0.2458392219E-02
       573    0.1244760521E+01    0.1219029852E+01   -0.2626312905E+01    0.2249547751E+02   -0.5108978171E-02
       574    0.1427788450E+01    0.1268249721E+01   -0.2595590449E+01    0.4281918870E+01   -0.3783343877E-02
       575    0.1410716808E+01    0.1196780830E+01   -0.2564122962E+01    0.1180957386E+02   -0.2988234584E-02
       576    0.1139383658E+01    0.1184697059E+01   -0.2656332922E+01    0.4601420092E+02   -0.7760912019E-02
       577    0.1451846697E+01    0.1196780830E+01   -0.2564122962E+01    0.1180957386E+02   -0.2988234584E-02
       578    0.1089217790E+01    0.1093664408E+01   -0.2531863563E+01    0.2684003361E+02   -0.2458392219E-02
       579    0.1152010881E+01    0.1184697059E+01   -0.2656332922E+01    0.4601420092E+02   -0.7760912019E-02
       580    0.1502349624E+01    0.1268249721E+01   -0.2595590449E+01    0.4281918870E+01   -0.3783343877E-02
       581    0.1484206189E+01    0.1196780830E+01   -0.2564122962E+01    0.1180957386E+02   -0.2988234584E-02
       582    0.4071468080E+00    0.4978073363E+00    0.1079120529E+01    0.6397194808E+02   -0.8190913596E-02
       583    0.5268023010E+00    0.5259329024E+00    0.1235284639E+01    0.3780064228E+02   -0.5538979748E-02
       584    0.4999705100E+00    0.5671070014E+00    0.1359606670E+01    0.1826079245E+02   -0.4213345454E-02
       585    0.6414813030E+00    0.5259329024E+00    0.1235284639E+01    0.3780064228E+02   -0.5538979748E-02
       586    0.5909938070E+00    0.5136963924E+00    0.1556361120E+01    0.1418745122E+02   -0.2888393796E-02
       587    0.5233491010E+00    0.5259329024E+00    0.1235284639E+01    0.3780064228E+02   -0.5538979748E-02
       588    0.6051014780E+00    0.6145691661E+00    0.1464591888E+01    0.1373525004E+01   -0.3418236161E-02
       589    0.6198555820E+00    0.5136963924E+00    0.1556361120E+01    0.1418745122E+02   -0.2888393796E-02
       590    0.4646472100E+00    0.4978073363E+00    0.1079120529E+01    0.6397194808E+02   -0.8190913596E-02
       591    0.6012338950E+00    0.5259329024E+00    0.1235284639E+01    0.3780064228E+02   -0.5538979748E-02
       592    0.5645656710E+00    0.5671070014E+00    0.1359606670E+01    0.1826079245E+02   -0.4213345454E-02
       593    0.5798793360E+00    0.6145691661E+00    0.1464591888E+01    0.1373525004E+01   -0.3418236161E-02
       594    0.6077898550E+00    0.5136963924E+00    0.1556361120E+01    0.1418745122E+02   -0.2888393796E-02
       595    0.2114283850E+00    0.1204600296E+00    0.2770117467E+01    0.8192969524E+02   -0.7966208306E-02
       596    0.2910661610E+00    0.1837059728E+00    0.2797146566E+01    0.5310580705E+02   -0.5314274458E-02
       597    0.2882651620E+00    0.2478212115E+00    0.2823663152E+01    0.3223966602E+02   -0.3988640165E-02
       598    0.2443453900E+00    0.3123302958E+00    0.2849690852E+01    0.1455662387E+02   -0.3193530871E-02
       599    0.3037037040E+00    0.3606225757E+00    0.2875251595E+01    0.1534868837E+01   -0.2663688506E-02
       600    0.1826572310E+00    0.1204600296E+00    0.2770117467E+01    0.8192969524E+02   -0.7966208306E-02
       601    0.2672895120E+00    0.1837059728E+00    0.2797146566E+01    0.5310580705E+02   -0.5314274458E-02
       602    0.2857616910E+00    0.2478212115E+00    0.2823663152E+01    0.3223966602E+02   -0.3988640165E-02
       603    0.3063628430E+00    0.3123302958E+00    0.2849690852E+01    0.1455662387E+02   -0.3193530871E-02
       604    0.3405112040E+00    0.3606225757E+00    0.2875251595E+01    0.1534868837E+01   -0.2663688506E-02
       605    0.1650188600E+00    0.1204600296E+00    0.2770117467E+01    0.8192969524E+02   -0.7966208306E-02
       606    0.2527574890E+00    0.1837059728E+00    0.2797146566E+01    0.5310580705E+02   -0.5314274458E-02
       607    0.1581174090E+00    0.1204600296E+00    0.2770117467E+01    0.8192969524E+02   -0.7966208306E-02
       608    0.2467599560E+00    0.1837059728E+00    0.2797146566E+01    0.5310580705E+02   -0.5314274458E-02
       609    0.2568235230E+00    0.2478212115E+00    0.2823663152E+01    0.3223966602E+02   -0.3988640165E-02
       610    0.2458962400E+00    0.3123302958E+00    0.2849690852E+01    0.1455662387E+02   -0.3193530871E-02
       611    0.2406015040E+00    0.3606225757E+00    0.2875251595E+01    0.1534868837E+01   -0.2663688506E-02
       612    0.1637142899E+01    0.1689578216E+01   -0.4289985754E+01    0.1466872259E+02   -0.9972976030E-02
       613    0.1670345588E+01    0.1531352192E+01   -0.4270934405E+01    0.1931044459E+02   -0.5994724663E-02
       614    0.1648836077E+01    0.1428061373E+01   -0.4261344659E+01    0.3343523921E+02   -0.5199265216E-02
       615    0.1517185236E+01    0.1336860994E+01   -0.4251711557E+01    0.4692341406E+02   -0.4669066833E-02
       616    0.1743457837E+01    0.1689578216E+01   -0.4289985754E+01    0.1466872259E+02   -0.9972976030E-02
       617    0.1665250233E+01    0.1658830896E+01   -0.4280481277E+01    0.3912410446E+01   -0.7320703373E-02
       618    0.1708874297E+01    0.1531352192E+01   -0.4270934405E+01    0.1931044459E+02   -0.5994724663E-02
       619    0.1656264447E+01    0.1428061373E+01   -0.4261344659E+01    0.3343523921E+02   -0.5199265216E-02
       620    0.1619928259E+01    0.1531683217E+01   -0.3891958060E+01    0.3421801918E+02   -0.1031812251E-01
       621    0.1365832848E+01    0.1559592140E+01   -0.3880401429E+01    0.1245378728E+02   -0.7665849853E-02
       622    0.1541656935E+01    0.1447972101E+01   -0.3857079371E+01    0.1961552058E+02   -0.5544411696E-02
       623    0.1562563493E+01    0.1531683217E+01   -0.3891958060E+01    0.3421801918E+02   -0.1031812251E-01
       624    0.1529428852E+01    0.1556721144E+01   -0.3868775548E+01    0.4535796293E+01   -0.6339871143E-02
       625    0.1543618206E+01    0.1447972101E+01   -0.3857079371E+01    0.1961552058E+02   -0.5544411696E-02
       626    0.1463423868E+01    0.1559592140E+01   -0.3880401429E+01    0.1245378728E+02   -0.7665849853E-02
       627    0.1576514283E+01    0.1556721144E+01   -0.3868775548E+01    0.4535796293E+01   -0.6339871143E-02
       628    0.1543754945E+01    0.1353014699E+01   -0.3845311825E+01    0.3374031520E+02   -0.5014213313E-02
       629    0.1356127306E+01    0.1260877290E+01   -0.3389842883E+01    0.5376731576E+02   -0.7729695185E-02
       630    0.1213763978E+01    0.1305244491E+01   -0.3374585699E+01    0.2881998500E+02   -0.5077422528E-02
       631    0.1355781364E+01    0.1358903977E+01   -0.3359189291E+01    0.1023885200E+02   -0.3751443819E-02
       632    0.1435901358E+01    0.1255147092E+01   -0.3327965804E+01    0.2055721634E+02   -0.2425785989E-02
       633    0.1291089283E+01    0.1260877290E+01   -0.3389842883E+01    0.5376731576E+02   -0.7729695185E-02
       634    0.1466244143E+01    0.1354150112E+01   -0.3343650440E+01    0.5795801942E+01   -0.2955984372E-02
       635    0.1427631302E+01    0.1255147092E+01   -0.3327965804E+01    0.2055721634E+02   -0.2425785989E-02
       636    0.1298093211E+01    0.1260877290E+01   -0.3389842883E+01    0.5376731576E+02   -0.7729695185E-02
       637    0.1356004282E+01    0.1305244491E+01   -0.3374585699E+01    0.2881998500E+02   -0.5077422528E-02
       638    0.1470433173E+01    0.1358903977E+01   -0.3359189291E+01    0.1023885200E+02   -0.3751443819E-02
       639    0.1499886520E+01    0.1354150112E+01   -0.3343650440E+01    0.5795801942E+01   -0.2955984372E-02
       640    0.8385344400E+00    0.1112927427E+01   -0.2641408209E+01    0.4518618272E+02   -0.5507424105E-02
       641    0.1347348769E+01    0.1234345378E+01   -0.2590398816E+01    0.8023916692E+01   -0.3385985949E-02
       642    0.9901740400E+00    0.1216212259E+01   -0.2564122962E+01    0.7374117477E+01   -0.2855787566E-02
       643    0.9702713940E+00    0.1112927427E+01   -0.2641408209E+01    0.4518618272E+02   -0.5507424105E-02
       644    0.1354269255E+01    0.1173519400E+01   -0.2616152156E+01    0.2501350029E+02   -0.4181445396E-02
       645    0.1381961174E+01    0.1234345378E+01   -0.2590398816E+01    0.8023916692E+01   -0.3385985949E-02
       646    0.8809704760E+00    0.1053044864E+01   -0.2666190307E+01    0.7331661235E+02   -0.8159696762E-02
       647    0.1072534142E+01    0.1112927427E+01   -0.2641408209E+01    0.4518618272E+02   -0.5507424105E-02
       648    0.1336080772E+01    0.1234345378E+01   -0.2590398816E+01    0.8023916692E+01   -0.3385985949E-02
       649    0.4277002410E+00    0.3448932732E+00    0.1015491297E+01    0.9286590894E+02   -0.7934991472E-02
       650    0.5955642040E+00    0.4020542369E+00    0.1162447352E+01    0.6155238045E+02   -0.5282718816E-02
       651    0.5945945950E+00    0.4563236721E+00    0.1279438862E+01    0.3978814859E+02   -0.3956740106E-02
       652    0.5724390930E+00    0.5104420324E+00    0.1378233734E+01    0.2184363533E+02   -0.3161280659E-02
       653    0.4160415210E+00    0.3448932732E+00    0.1015491297E+01    0.9286590894E+02   -0.7934991472E-02
       654    0.6519319340E+00    0.5104420324E+00    0.1378233734E+01    0.2184363533E+02   -0.3161280659E-02
       655    0.7304746690E+00    0.5650253616E+00    0.1464591888E+01    0.5808981385E+01   -0.2631082276E-02
       656    0.4105175350E+00    0.3448932732E+00    0.1015491297E+01    0.9286590894E+02   -0.7934991472E-02
       657    0.5584050830E+00    0.4020542369E+00    0.1162447352E+01    0.6155238045E+02   -0.5282718816E-02
       658    0.6016052460E+00    0.4563236721E+00    0.1279438862E+01    0.3978814859E+02   -0.3956740106E-02
       659    0.7023638490E+00    0.5650253616E+00    0.1464591888E+01    0.5808981385E+01   -0.2631082276E-02
       660    0.1630168643E+01    0.1720538654E+01   -0.4627659472E+01    0.1897825982E+02   -0.9954269864E-02
       661    0.1666891949E+01    0.1733712342E+01   -0.4620663235E+01    0.1006869865E+00   -0.7301853687E-02
       662    0.1727557719E+01    0.1606813615E+01   -0.4613645747E+01    0.1546601841E+02   -0.5975729786E-02
       663    0.1712835287E+01    0.1505243350E+01   -0.4606606846E+01    0.2934590374E+02   -0.5180123450E-02
       664    0.1660926566E+01    0.1416335573E+01   -0.4599546368E+01    0.4248306597E+02   -0.4649776454E-02
       665    0.1829306215E+01    0.1720538654E+01   -0.4627659472E+01    0.1897825982E+02   -0.9954269864E-02
       666    0.1716885943E+01    0.1733712342E+01   -0.4620663235E+01    0.1006869865E+00   -0.7301853687E-02
       667    0.1703329810E+01    0.1505243350E+01   -0.4606606846E+01    0.2934590374E+02   -0.5180123450E-02
       668    0.1614747903E+01    0.1416335573E+01   -0.4599546368E+01    0.4248306597E+02   -0.4649776454E-02
       669    0.1704817997E+01    0.1564324165E+01   -0.4292693597E+01    0.4011910583E+02   -0.1029941634E-01
       670    0.1384467524E+01    0.1598293060E+01   -0.4284559788E+01    0.1732654369E+02   -0.7647000167E-02
       671    0.1559470759E+01    0.1645836047E+01   -0.4276394979E+01    0.1044045936E+00   -0.6320876266E-02
       672    0.1598350679E+01    0.1539227313E+01   -0.4268198873E+01    0.1488956534E+02   -0.5525269930E-02
       673    0.1588975409E+01    0.1446150519E+01   -0.4259971168E+01    0.2876945063E+02   -0.4994922934E-02
       674    0.1455863966E+01    0.1598293060E+01   -0.4284559788E+01    0.1732654369E+02   -0.7647000167E-02
       675    0.1612188038E+01    0.1645836047E+01   -0.4276394979E+01    0.1044045936E+00   -0.6320876266E-02
       676    0.1593758118E+01    0.1446150519E+01   -0.4259971168E+01    0.2876945063E+02   -0.4994922934E-02
       677    0.1214272370E+01    0.1355520308E+01   -0.3885362690E+01    0.3475377436E+02   -0.5058572842E-02
       678    0.1409107424E+01    0.1412726808E+01   -0.3875427448E+01    0.1567482760E+02   -0.3732448942E-02
       679    0.1477573347E+01    0.1369383570E+01   -0.3855402687E+01    0.1505583529E+02   -0.2406495610E-02
       680    0.1328367061E+01    0.1355520308E+01   -0.3885362690E+01    0.3475377436E+02   -0.5058572842E-02
       681    0.1542296277E+01    0.1466733539E+01   -0.3865441002E+01    0.4332269296E+00   -0.2936842605E-02
       682    0.1528148722E+01    0.1369383570E+01   -0.3855402687E+01    0.1505583529E+02   -0.2406495610E-02
       683    0.1377580373E+01    0.1325315048E+01   -0.3354764298E+01    0.1402311148E+02   -0.3366844182E-02
       684    0.1068051730E+01    0.1121607728E+01   -0.3394176944E+01    0.8240079787E+02   -0.8140990596E-02
       685    0.1256877298E+01    0.1194583588E+01   -0.3381141356E+01    0.5218100504E+02   -0.5488574419E-02
       686    0.1477432269E+01    0.1325315048E+01   -0.3354764298E+01    0.1402311148E+02   -0.3366844182E-02
       687    0.1470776381E+01    0.1373741754E+01   -0.3341418783E+01    0.1342219953E+01   -0.2836497187E-02
       688    0.9386725870E+00    0.9758096424E+00   -0.2652085846E+01    0.6960823571E+02   -0.5263869130E-02
       689    0.1067197730E+01    0.1051053504E+01   -0.2630643541E+01    0.4681567362E+02   -0.3937745229E-02
       690    0.5757547110E+00    0.1119731343E+01   -0.2608845868E+01    0.2847944988E+02   -0.3142138893E-02
       691    0.4400686670E+00    0.1185094979E+01   -0.2586677727E+01    0.1237139539E+02   -0.2611791897E-02
       692    0.6486283350E+00    0.8842392563E+00   -0.2673186921E+01    0.1035416439E+03   -0.7916285306E-02
       693    0.8532832750E+00    0.9758096424E+00   -0.2652085846E+01    0.6960823571E+02   -0.5263869130E-02
       694    0.1669590912E+01    0.1745633665E+01   -0.4921639706E+01    0.2310273650E+02   -0.9942175429E-02
       695    0.1727699236E+01    0.1763304492E+01   -0.4916229716E+01    0.3433445637E+01   -0.7289690102E-02
       696    0.1771474347E+01    0.1673139007E+01   -0.4910807793E+01    0.1199171340E+02   -0.5963496451E-02
       697    0.1749073426E+01    0.1572642828E+01   -0.4905373871E+01    0.2571921968E+02   -0.5167819764E-02
       698    0.1803716056E+01    0.1745633665E+01   -0.4921639706E+01    0.2310273650E+02   -0.9942175429E-02
       699    0.1780719049E+01    0.1763304492E+01   -0.4916229716E+01    0.3433445637E+01   -0.7289690102E-02
       700    0.1804990261E+01    0.1673139007E+01   -0.4910807793E+01    0.1199171340E+02   -0.5963496451E-02
       701    0.1765524346E+01    0.1572642828E+01   -0.4905373871E+01    0.2571921968E+02   -0.5167819764E-02
       702    0.1616889376E+01    0.1677719877E+01   -0.4617157157E+01    0.4374484323E+01   -0.6308642931E-02
       703    0.1641279204E+01    0.1617168431E+01   -0.4611008677E+01    0.1062626150E+02   -0.5512966244E-02
       704    0.1628648579E+01    0.1525239820E+01   -0.4604843756E+01    0.2435376781E+02   -0.4982548282E-02
       705    0.1707701580E+01    0.1587808357E+01   -0.4629405230E+01    0.4583513195E+02   -0.1028732191E-01
       706    0.1679107197E+01    0.1677719877E+01   -0.4617157157E+01    0.4374484323E+01   -0.6308642931E-02
       707    0.1673885692E+01    0.1525239820E+01   -0.4604843756E+01    0.2435376781E+02   -0.4982548282E-02
       708    0.1464438564E+01    0.1450754589E+01   -0.4280481277E+01    0.2074068205E+02   -0.3720215607E-02
       709    0.1531714434E+01    0.1461979523E+01   -0.4266144921E+01    0.1010963599E+02   -0.2394120958E-02
       710    0.1389157052E+01    0.1389933107E+01   -0.4287613584E+01    0.4040997290E+02   -0.5046409257E-02
       711    0.1534961271E+01    0.1450754589E+01   -0.4280481277E+01    0.2074068205E+02   -0.3720215607E-02
       712    0.1578889584E+01    0.1510749489E+01   -0.4273325123E+01    0.4466696685E+01   -0.2924538920E-02
       713    0.1125127753E+01    0.1155041697E+01   -0.3897710728E+01    0.9129992286E+02   -0.8128896161E-02
       714    0.1218238929E+01    0.1240419827E+01   -0.3889075338E+01    0.5889823653E+02   -0.5476410834E-02
       715    0.1453854921E+01    0.1442802925E+01   -0.3862936312E+01    0.4134495826E+01   -0.2824122535E-02
       716    0.1227749057E+01    0.1155041697E+01   -0.3897710728E+01    0.9129992286E+02   -0.8128896161E-02
       717    0.1424920061E+01    0.1312363315E+01   -0.3880401429E+01    0.3710687977E+02   -0.4150217183E-02
       718    0.1486274377E+01    0.1378929143E+01   -0.3871688567E+01    0.1955965487E+02   -0.3354540497E-02
       719    0.1510142588E+01    0.1442802925E+01   -0.3862936312E+01    0.4134495826E+01   -0.2824122535E-02
       720    0.1122062956E+01    0.1052551151E+01   -0.3386041468E+01    0.7738650017E+02   -0.5251705545E-02
       721    0.1292136683E+01    0.1135415857E+01   -0.3374585699E+01    0.5347307749E+02   -0.3925511894E-02
       722    0.1355113807E+01    0.1208347899E+01   -0.3363051620E+01    0.3465261305E+02   -0.3129835207E-02
       723    0.8378659770E+00    0.9448739957E+00   -0.3397420241E+01    0.1140323183E+03   -0.7904190872E-02
       724    0.1167730877E+01    0.1052551151E+01   -0.3386041468E+01    0.7738650017E+02   -0.5251705545E-02
       725    0.1439207380E+01    0.1208347899E+01   -0.3363051620E+01    0.3465261305E+02   -0.3129835207E-02
       726    0.1449719350E+01    0.1276307061E+01   -0.3351437877E+01    0.1837862764E+02   -0.2599417245E-02
