        Rank        RMSE       MaxAE  Feature_ID
           1    0.128601    0.745026  (       3      60      87)
           2    0.128606    0.746579  (       3      60      85)
           3    0.128626    0.747960  (       3      60      84)
           4    0.129193    0.750762  (       3      60      92)
           5    0.129319    0.785203  (       3      71      81)
           6    0.129319    0.785212  (       3      71      82)
           7    0.129350    0.802200  (       3      70      81)
           8    0.129351    0.802208  (       3      70      82)
           9    0.129684    0.736519  (       3      60      93)
          10    0.129755    0.771982  (       3      70      83)
          11    0.130317    0.759800  (       3      60      96)
          12    0.130366    0.766648  (       3      60     100)
          13    0.130463    0.761608  (       3      60      99)
          14    0.131008    0.830548  (       3      60      81)
          15    0.131009    0.830556  (       3      60      82)
          16    0.131098    0.751141  (       3      60     109)
          17    0.131145    0.722639  (       5      10      70)
          18    0.131154    0.720853  (       3      70      84)
          19    0.131165    0.751321  (       3      60     118)
          20    0.131183    0.719628  (       3      70      85)
          21    0.131253    0.718265  (       3      70      87)
          22    0.131285    0.707802  (       5      10      71)
          23    0.131347    0.755360  (       3      60     101)
          24    0.131408    0.750698  (       3      71      83)
          25    0.131422    0.741083  (       5      10      60)
          26    0.131449    0.802071  (       3      60      83)
          27    0.131472    0.745703  (       3      60     114)
          28    0.131596    0.745652  (       3      60     108)
          29    0.131651    0.751375  (       3      60      94)
          30    0.131652    0.765790  (       3      60     104)
          31    0.131660    0.744233  (       3      60     102)
          32    0.131692    0.741361  (       3      60     111)
          33    0.131748    0.698093  (       3      71      84)
          34    0.131846    0.696841  (       3      71      85)
          35    0.131871    0.723548  (       3      70      92)
          36    0.131951    0.752984  (       3      60     115)
          37    0.132000    0.761427  (       3      60     113)
          38    0.132005    0.695448  (       3      71      87)
          39    0.132025    0.731558  (       3      70      96)
          40    0.132065    0.708792  (       3      71      96)
          41    0.132157    0.710257  (       3      71      99)
          42    0.132174    0.733109  (       3      70      99)
          43    0.132225    0.725167  (       3      70      94)
          44    0.132298    0.786318  (       3      75      81)
          45    0.132299    0.786328  (       3      75      82)
          46    0.132313    0.727021  (       3      70     101)
          47    0.132315    0.781579  (       3      74      81)
          48    0.132315    0.781590  (       3      74      82)
          49    0.132383    0.776758  (       3      73      82)
          50    0.132383    0.776747  (       3      73      81)
          51    0.132400    0.797541  (       3      77      81)
          52    0.132401    0.797549  (       3      77      82)
          53    0.132411    0.711508  (       3      70      93)
          54    0.132411    0.783979  (       3      65      81)
          55    0.132411    0.783989  (       3      65      82)
          56    0.132424    0.791793  (       3      61      83)
          57    0.132436    0.779082  (       3      63      81)
          58    0.132436    0.779092  (       3      63      82)
          59    0.132484    0.738764  (       3      70      86)
          60    0.132513    0.774083  (       3      62      81)
          61    0.132513    0.774093  (       3      62      82)
          62    0.132520    0.765021  (       5      24      60)
          63    0.132530    0.759081  (       5      40      60)
          64    0.132546    0.715419  (       3      71      86)
          65    0.132643    0.764607  (       3      60     105)
          66    0.132649    0.703585  (       3      71     101)
          67    0.132666    0.752815  (       3      70      89)
          68    0.132728    0.700832  (       3      71      92)
          69    0.132739    0.755468  (       3      70      91)
          70    0.132772    0.718471  (       3      70     102)
          71    0.132794    0.729568  (       3      71      89)
          72    0.132803    0.737889  (       3      70      90)
          73    0.132832    0.748336  (       3      64      82)
          74    0.132832    0.748323  (       3      64      81)
          75    0.132860    0.732279  (       3      71      91)
          76    0.132867    0.738784  (       3      70      88)
          77    0.132869    0.715393  (       3      71      88)
          78    0.132912    0.786273  (       5      22      60)
          79    0.132922    0.737525  (       3      71     106)
          80    0.132923    0.719099  (       3      70     108)
          81    0.132929    0.745687  (       5      24      70)
          82    0.132933    0.784966  (       5      20      60)
          83    0.132936    0.768771  (       3      60      86)
          84    0.132940    0.771964  (       5      33      70)
          85    0.132976    0.769566  (       5      25      70)
          86    0.132988    0.765396  (       3      60     112)
          87    0.132994    0.770557  (       5      32      70)
          88    0.132995    0.770528  (       5      29      70)
          89    0.132995    0.770534  (       5      30      70)
          90    0.132995    0.770541  (       5      31      70)
          91    0.132996    0.770512  (       5      28      70)
          92    0.133013    0.765481  (       3      60     116)
          93    0.133014    0.715301  (       3      70     111)
          94    0.133015    0.771498  (       5      35      70)
          95    0.133017    0.736285  (       3      70     105)
          96    0.133032    0.706710  (       5       8      70)
          97    0.133045    0.689666  (       5      11      51)
          98    0.133047    0.738597  (       3      71     110)
          99    0.133050    0.790832  (       5      25      60)
         100    0.133051    0.765443  (       5      22      70)
