        Rank        RMSE       MaxAE  Feature_ID
           1    0.197472    0.548858  (       1)
           2    0.197572    0.659437  (       2)
           3    0.199800    0.659802  (       3)
           4    0.200229    0.633623  (       4)
           5    0.202997    0.808980  (       5)
           6    0.206713    0.649385  (       6)
           7    0.208525    0.585921  (       7)
           8    0.211290    0.643956  (       8)
           9    0.212373    0.593274  (       9)
          10    0.212900    0.580801  (      10)
          11    0.213612    0.893221  (      11)
          12    0.214537    0.578667  (      12)
          13    0.215591    0.642464  (      13)
          14    0.215744    0.810418  (      14)
          15    0.215759    0.653531  (      15)
          16    0.216180    0.653673  (      16)
          17    0.216799    0.719464  (      17)
          18    0.217226    0.714662  (      18)
          19    0.217227    0.713231  (      19)
          20    0.217474    0.521642  (      20)
          21    0.217503    0.697280  (      21)
          22    0.217650    0.520375  (      22)
          23    0.217752    0.524776  (      23)
          24    0.218266    0.558026  (      24)
          25    0.218484    0.534419  (      25)
          26    0.218510    0.517326  (      26)
          27    0.218542    0.565397  (      27)
          28    0.218571    0.535057  (      28)
          29    0.218572    0.535042  (      29)
          30    0.218572    0.535048  (      30)
          31    0.218573    0.535054  (      31)
          32    0.218574    0.535039  (      32)
          33    0.218587    0.534114  (      33)
          34    0.218595    0.535878  (      34)
          35    0.218665    0.535655  (      35)
          36    0.218675    0.631494  (      36)
          37    0.218707    0.638094  (      37)
          38    0.218752    0.579636  (      38)
          39    0.218802    0.647288  (      39)
          40    0.218844    0.574230  (      40)
