Model_ID, [(c_i,i=0,n)_j,j=1,ntask]
           1    0.9934502304E+00   -0.2676999971E+00
           2    0.9092748883E+00   -0.3474126808E+00
           3    0.7241514505E+00   -0.1452518133E+00
           4    0.8704180686E+00    0.3083374398E+00
           5    0.8866074954E+00   -0.4698629304E+00
           6    0.6772238529E+00    0.1518666386E+00
           7    0.9123119791E+00    0.2728070948E+00
           8   -0.1327793747E+01   -0.1383104209E+02
           9    0.3543143620E+01   -0.1830529663E+01
          10    0.2649886143E+01    0.8506515144E+00
          11    0.5326452151E+00    0.2495764831E+00
          12    0.1465879420E+01   -0.4501981942E+01
          13   -0.1233321558E+00   -0.2188886378E+01
          14    0.7753060042E+00    0.5391587138E+00
          15    0.4156976483E+00    0.2720219023E+00
          16   -0.9326641211E+00   -0.5726520242E+01
          17   -0.1192581353E+01   -0.1187496083E+02
          18   -0.1269633722E+01    0.1254181519E+02
          19   -0.1274556762E+01    0.3953714969E+02
          20    0.2305213152E+01    0.6107124665E+00
          21   -0.1348569689E+01   -0.1344720603E+02
          22    0.2299929767E+01    0.6056242377E+00
          23    0.2285959016E+01   -0.5883731156E+00
          24    0.2379963816E+01   -0.4273706977E-01
          25    0.2283136315E+01    0.5936593925E+00
          26   -0.1917738870E+00    0.1024526475E+02
          27    0.2294065730E+01   -0.5533109821E+00
          28    0.2279292572E+01   -0.5904041644E+00
          29    0.2279426888E+01   -0.5904316679E+00
          30    0.2279402388E+01   -0.5904140906E+00
          31    0.2279377889E+01   -0.5903965140E+00
          32    0.2279512167E+01   -0.5904239977E+00
          33    0.2284009839E+01   -0.5887568170E+00
          34    0.2274664316E+01    0.5920308353E+00
          35    0.2275694836E+01   -0.5871973536E+00
          36   -0.1233983129E+00    0.2156443689E+01
          37   -0.1287126977E+01   -0.7494029967E+01
          38    0.9956992648E-02    0.5103604640E+01
          39    0.6621959142E+01   -0.4143710683E+01
          40    0.2404498256E+01   -0.1432928916E+00
