        Rank        RMSE       MaxAE  Feature_ID
           1    0.147367    0.783618  (       3      70)
           2    0.148623    0.815965  (       3      60)
           3    0.149125    0.780521  (       3      77)
           4    0.150219    0.760426  (       3      71)
           5    0.151890    0.761106  (       3      65)
           6    0.152905    0.841292  (       5      51)
           7    0.152931    0.754141  (       3      63)
           8    0.153891    0.760364  (       3      75)
           9    0.154058    0.747068  (       3      62)
          10    0.154109    0.672842  (       5      38)
          11    0.154510    0.948641  (       5      61)
          12    0.154900    0.761860  (       5      47)
          13    0.155017    0.753448  (       3      74)
          14    0.155802    0.615298  (       3      47)
          15    0.156223    0.746446  (       3      73)
          16    0.156568    0.913462  (       5      71)
          17    0.156873    0.934268  (       5      70)
          18    0.157982    0.686438  (       5      39)
          19    0.158562    0.931118  (       5      77)
          20    0.158575    0.963346  (       5      60)
          21    0.158655    0.908857  (       5      50)
          22    0.159040    0.913959  (       5      65)
          23    0.159274    0.886366  (       5      66)
          24    0.159296    0.907561  (       5      63)
          25    0.159473    0.712247  (       3      64)
          26    0.159640    0.900939  (       5      62)
          27    0.159675    0.733025  (       3      66)
          28    0.159816    0.998657  (       5      69)
          29    0.159929    0.683064  (       5      37)
          30    0.160165    0.801143  (       6      60)
          31    0.160292    0.571570  (       5      10)
          32    0.160331    1.005029  (       5      78)
          33    0.160336    1.005170  (       5      79)
          34    0.160339    1.005179  (       5      80)
          35    0.160572    0.688168  (       3      51)
          36    0.160604    0.887630  (       5      58)
          37    0.160645    0.766410  (       6      77)
          38    0.160750    0.913491  (       5      75)
          39    0.160894    0.867092  (       5      64)
          40    0.160911    0.767169  (       6      70)
          41    0.160990    0.980490  (       5      52)
          42    0.161101    0.907152  (       5      74)
          43    0.161318    0.931067  (       5      46)
          44    0.161539    0.900611  (       5      73)
          45    0.161559    0.851306  (       5      67)
          46    0.162191    0.842740  (       3      80)
          47    0.162193    0.842721  (       3      79)
          48    0.162233    0.842520  (       3      78)
          49    0.162363    0.931175  (       5      45)
          50    0.162941    0.604006  (       6      47)
          51    0.163109    0.834203  (       3      69)
          52    0.163440    0.964315  (       5      53)
          53    0.163463    0.747143  (       6      65)
          54    0.163588    0.662061  (      14      38)
          55    0.163605    0.543556  (       5       8)
          56    0.164106    0.903130  (       5      43)
          57    0.164311    0.744053  (       6      71)
          58    0.164489    0.573182  (       1      41)
          59    0.164497    0.573205  (       1      42)
          60    0.164557    0.740218  (       6      63)
          61    0.164980    0.699503  (       3      67)
          62    0.164985    0.774688  (       3      59)
          63    0.165233    0.591462  (       4      56)
          64    0.165398    0.806940  (       3      53)
          65    0.165454    0.746162  (       6      75)
          66    0.165459    0.902986  (       5      44)
          67    0.165732    0.733204  (       6      62)
          68    0.165747    0.766402  (      14      47)
          69    0.165904    0.783420  (       3      61)
          70    0.166018    0.932335  (       5      59)
          71    0.166215    0.587951  (       5      40)
          72    0.166369    0.773331  (       3      46)
          73    0.166467    0.955223  (       5      68)
          74    0.166586    0.676676  (       5      16)
          75    0.166623    0.739291  (       6      74)
          76    0.166646    0.751555  (       3      50)
          77    0.166705    0.595194  (       5      24)
          78    0.167035    0.848439  (      14      51)
          79    0.167127    0.813178  (       3      52)
          80    0.167368    0.772756  (       3      45)
          81    0.167590    0.601067  (       4      46)
          82    0.167742    0.542225  (       1      43)
          83    0.167866    0.732353  (       6      73)
          84    0.167926    0.577473  (       4      53)
          85    0.167936    0.534936  (       1      48)
          86    0.168013    0.541185  (       1      44)
          87    0.168228    0.600609  (       4      45)
          88    0.168274    0.623660  (       4      47)
          89    0.168327    0.732949  (       3      58)
          90    0.168414    0.892152  (       5      54)
          91    0.168487    0.722145  (       6      66)
          92    0.168714    0.625828  (       1      55)
          93    0.168966    0.573985  (       5       9)
          94    0.169008    0.677645  (       6      51)
          95    0.169046    0.615605  (       4      77)
          96    0.169055    0.619869  (       5      22)
          97    0.169108    0.617901  (       5      20)
          98    0.169131    0.570912  (       4      78)
          99    0.169134    0.570662  (       4      80)
         100    0.169138    0.570702  (       4      79)
