materials property curl diameter pitch
sample1 0.533018156 8.37758041 20 60
sample2 0.765057235 5.385587406 20 70
sample3 0.66849198 7.180783208 20 70
sample4 0.745927049 5.385587406 23 70
sample5 0.693973232 6.283185307 23 70
sample6 1.123038603 3.926990817 20 80
sample7 0.644872058 7.068583471 20 80
sample8 0.895129135 4.71238898 20 80
sample9 0.87208957 5.497787144 20 80
sample10 0.804068843 5.497787144 23 80
sample11 0.775714476 6.283185307 23 80
sample12 0.686394558 7.068583471 23 80
sample13 0.814752458 4.71238898 26 80
sample14 0.660163861 7.068583471 26 80
sample15 0.890386848 5.497787144 26 80
sample16 1.117630319 3.490658504 20 90
sample17 0.930332274 4.188790205 20 90
sample18 0.978081426 4.188790205 20 90
sample19 0.974490399 4.886921906 20 90
sample20 0.907080302 4.886921906 23 90
sample21 0.987730892 4.886921906 23 90
sample22 0.933378913 4.188790205 26 90
sample23 0.902807003 4.886921906 26 90
sample24 0.981264462 4.188790205 26 90
sample25 0.997154606 4.886921906 26 90
sample26 0.933741886 5.585053606 26 90
sample27 0.822388633 6.283185307 26 90
sample28 0.994400423 4.886921906 29 90
sample29 1.058331164 3.141592654 20 100
sample30 0.954375642 3.769911184 20 100
sample31 0.994021287 4.398229715 20 100
sample32 1.111249766 3.141592654 20 100
sample33 0.840558981 5.654866776 20 100
sample34 0.955706515 4.398229715 23 100
sample35 0.799984432 5.654866776 23 100
sample36 1.011915204 4.398229715 23 100
sample37 1.166193745 3.141592654 23 100
sample38 0.833598585 5.654866776 26 100
sample39 1.033415076 3.769911184 26 100
sample40 0.992274104 4.398229715 26 100
sample41 0.971431564 5.026548246 26 100
sample42 0.860743047 5.654866776 26 100
sample43 0.935952822 5.654866776 26 100
sample44 0.825007349 5.654866776 29 100
sample45 0.866604181 5.654866776 29 100
sample46 1.04607909 5.026548246 29 100
sample47 0.901157169 4.398229715 32 100
sample48 0.825693294 5.654866776 32 100
sample49 1.026581306 3.427191986 20 110
sample50 1.065672895 3.427191986 20 110
sample51 1.097754042 3.99839065 20 110
sample52 1.017595671 4.569589314 20 110
sample53 0.953727288 5.140787979 23 110
sample54 1.082797442 3.427191986 26 110
sample55 0.941254312 5.140787979 26 110
sample56 1.142203276 3.427191986 26 110
sample57 0.949469312 5.140787979 29 110
sample58 1.13167611 3.99839065 29 110
sample59 1.132038739 3.99839065 32 110
sample60 1.124946498 4.569589314 35 110
sample61 1.07383783 3.141592654 20 120
sample62 1.215438767 2.617993878 20 120
sample63 1.23850122 2.617993878 20 120
sample64 1.175085314 3.141592654 20 120
sample65 1.176600873 2.617993878 23 120
sample66 1.16215325 3.141592654 23 120
sample67 1.144471643 3.665191429 23 120
sample68 1.210064411 3.141592654 23 120
sample69 1.150448585 3.141592654 26 120
sample70 1.183161542 3.141592654 26 120
sample71 1.154692047 3.665191429 26 120
sample72 1.198415083 3.141592654 26 120
sample73 1.199862232 4.188790205 26 120
sample74 1.157553123 3.665191429 29 120
sample75 1.074349053 4.71238898 29 120
sample76 1.201215953 3.665191429 29 120
sample77 1.071881661 4.188790205 35 120
sample78 1.052991973 4.71238898 35 120
sample79 1.121494245 4.71238898 35 120
sample80 1.161381516 4.188790205 38 120
sample81 1.261100078 2.416609734 20 130
sample82 1.029103684 4.34989752 20 130
sample83 1.271803459 2.416609734 23 130
sample84 1.228426257 2.89993168 23 130
sample85 1.220446402 3.866575574 23 130
sample86 1.294854271 2.416609734 23 130
sample87 1.235963879 2.89993168 23 130
sample88 1.154101557 3.383253627 26 130
sample89 1.17319894 3.866575574 26 130
sample90 1.138563491 4.34989752 26 130
sample91 1.255388027 3.866575574 26 130
sample92 1.15979705 4.34989752 26 130
sample93 1.142003735 3.866575574 29 130
sample94 1.190420141 3.383253627 29 130
sample95 1.206571952 3.866575574 29 130
sample96 1.137497746 3.866575574 32 130
sample97 1.173098699 4.34989752 32 130
sample98 1.248321018 3.866575574 32 130
sample99 1.128982925 4.34989752 35 130
sample100 1.170611891 4.34989752 35 130
sample101 1.112717795 3.866575574 38 130
sample102 1.139969414 4.34989752 38 130
sample103 1.28718865 2.243994753 20 140
sample104 1.068982026 4.039190555 20 140
sample105 1.133411985 4.039190555 23 140
sample106 1.267757798 2.692793703 23 140
sample107 1.229972086 4.039190555 29 140
sample108 1.186147186 4.039190555 32 140
sample109 1.236144088 3.590391604 35 140
sample110 1.226436247 3.590391604 38 140
sample111 1.180095923 4.039190555 41 140
sample112 1.209179578 4.039190555 41 140
sample113 1.277910168 2.094395102 20 150
sample114 1.261313025 2.932153143 20 150
sample115 1.313990836 2.094395102 20 150
sample116 1.253258462 2.513274123 20 150
sample117 1.318586076 2.932153143 20 150
sample118 1.265138072 3.351032164 20 150
sample119 1.131022211 3.769911184 20 150
sample120 1.293577982 2.094395102 23 150
sample121 1.282379401 2.513274123 23 150
sample122 1.246500173 2.932153143 23 150
sample123 1.288522647 3.351032164 23 150
sample124 1.199614068 3.769911184 23 150
sample125 1.340287634 2.094395102 23 150
sample126 1.304671229 2.513274123 23 150
sample127 1.306825712 2.513274123 26 150
sample128 1.248603488 2.932153143 26 150
sample129 1.278199752 3.351032164 26 150
sample130 1.249384501 3.769911184 26 150
sample131 1.323635863 2.513274123 26 150
sample132 1.319588715 3.351032164 26 150
sample133 1.258877043 3.769911184 26 150
sample134 1.247163425 2.932153143 29 150
sample135 1.251040859 3.351032164 29 150
sample136 1.257726646 3.769911184 29 150
sample137 1.276734016 2.932153143 29 150
sample138 1.296671171 3.351032164 29 150
sample139 1.279163675 3.769911184 29 150
sample140 1.250650922 2.932153143 32 150
sample141 1.243627711 3.351032164 32 150
sample142 1.243441192 3.769911184 32 150
sample143 1.279494578 2.932153143 32 150
sample144 1.273794446 3.769911184 32 150
sample145 1.22398333 3.351032164 35 150
sample146 1.278853304 3.351032164 35 150
sample147 1.264029673 3.769911184 35 150
sample148 1.237773687 3.769911184 38 150
sample149 1.259736077 3.351032164 38 150
sample150 1.265410494 3.769911184 38 150
sample151 1.230637042 3.769911184 41 150
sample152 1.301933776 1.963495408 20 160
sample153 1.219972977 2.35619449 20 160
sample154 1.292750945 2.748893572 20 160
sample155 1.297214659 3.141592654 20 160
sample156 1.156631073 3.534291735 20 160
sample157 1.284347135 2.35619449 20 160
sample158 1.330274438 2.748893572 20 160
sample159 1.167516683 3.534291735 20 160
sample160 1.328019727 1.963495408 23 160
sample161 1.309011924 2.35619449 23 160
sample162 1.314491867 3.141592654 23 160
sample163 1.371790285 1.963495408 23 160
sample164 1.343467618 3.141592654 23 160
sample165 1.251690299 3.534291735 23 160
sample166 1.336093858 2.35619449 26 160
sample167 1.324345094 3.141592654 26 160
sample168 1.297613569 3.534291735 26 160
sample169 1.33043356 2.748893572 26 160
sample170 1.363891919 3.141592654 26 160
sample171 1.308090797 3.534291735 26 160
sample172 1.291213212 2.748893572 29 160
sample173 1.314795502 3.141592654 29 160
sample174 1.309760257 2.748893572 29 160
sample175 1.346107418 3.141592654 29 160
sample176 1.324501592 3.534291735 29 160
sample177 1.287726905 2.748893572 32 160
sample178 1.292750683 3.534291735 32 160
sample179 1.30874032 2.748893572 32 160
sample180 1.331140351 3.141592654 32 160
sample181 1.309795904 3.534291735 32 160
sample182 1.267104614 3.141592654 35 160
sample183 1.289311457 3.534291735 35 160
sample184 1.309782299 3.141592654 35 160
sample185 1.31174999 3.534291735 35 160
sample186 1.254454776 3.141592654 38 160
sample187 1.278822412 3.534291735 38 160
sample188 1.289254102 3.141592654 38 160
sample189 1.308528765 3.534291735 38 160
sample190 1.289832024 3.534291735 41 160
sample191 1.310200602 1.847995679 20 170
sample192 1.274438356 2.217594814 20 170
sample193 1.328666541 2.58719395 20 170
sample194 1.337414505 2.956793086 20 170
sample195 1.193649722 3.326392221 20 170
sample196 1.345685085 2.217594814 23 170
sample197 1.340711703 2.58719395 23 170
sample198 1.372718884 2.956793086 23 170
sample199 1.302694782 3.326392221 23 170
sample200 1.367097507 2.217594814 26 170
sample201 1.367462537 2.956793086 26 170
sample202 1.3331097 2.58719395 29 170
sample203 1.33518257 2.956793086 29 170
sample204 1.322034925 2.956793086 32 170
sample205 1.330941187 3.326392221 32 170
sample206 1.295802846 3.326392221 41 170
sample207 1.297892038 2.094395102 20 180
sample208 1.383255607 2.443460953 20 180
sample209 1.242103026 3.141592654 20 180
sample210 1.378146497 1.745329252 23 180
sample211 1.364098613 2.094395102 23 180
sample212 1.345774207 2.443460953 23 180
sample213 1.414094866 2.792526803 23 180
sample214 1.335480231 3.141592654 23 180
sample215 1.359502783 2.443460953 26 180
sample216 1.361347433 3.141592654 26 180
sample217 1.363101793 2.792526803 29 180
sample218 1.373896166 3.141592654 29 180
sample219 1.354442808 2.443460953 32 180
sample220 1.35456106 2.792526803 32 180
sample221 1.374006135 3.141592654 32 180
sample222 1.338743914 2.792526803 35 180
sample223 1.360752251 3.141592654 35 180
sample224 1.32076585 2.792526803 38 180
sample225 1.330123202 3.141592654 41 180
sample226 1.351556611 1.653469818 20 190
sample227 1.347864184 1.984163781 20 190
sample228 1.42087129 2.314857745 20 190
sample229 1.369752192 2.645551708 20 190
sample230 1.274295047 2.976245672 20 190
sample231 1.375448402 1.984163781 23 190
sample232 1.41017495 2.314857745 23 190
sample233 1.418061626 2.645551708 23 190
sample234 1.413962932 1.984163781 26 190
sample235 1.373421604 2.314857745 26 190
sample236 1.425418251 2.645551708 26 190
sample237 1.406853406 2.976245672 26 190
sample238 1.377656359 2.314857745 29 190
sample239 1.400092802 2.645551708 29 190
sample240 1.412630947 2.976245672 29 190
sample241 1.390842981 2.645551708 32 190
sample242 1.400681728 2.976245672 32 190
sample243 1.367557618 2.645551708 35 190
sample244 1.388273374 2.976245672 35 190
sample245 1.345548828 2.645551708 38 190
sample246 1.382422113 2.976245672 38 190
sample247 1.372922776 1.884955592 20 200
sample248 1.416544965 2.199114858 20 200
sample249 1.414820474 2.513274123 20 200
sample250 1.270228203 2.827433388 20 200
sample251 1.417399081 1.570796327 23 200
sample252 1.397916785 1.884955592 23 200
sample253 1.447050584 2.199114858 23 200
sample254 1.452413797 2.513274123 23 200
sample255 1.389819862 2.827433388 23 200
sample256 1.436600063 1.884955592 26 200
sample257 1.420549213 2.199114858 26 200
sample258 1.453066518 2.513274123 26 200
sample259 1.434502871 2.827433388 26 200
sample260 1.417766434 2.513274123 29 200
sample261 1.447654713 2.827433388 29 200
sample262 1.404276286 2.199114858 32 200
sample263 1.41653779 2.513274123 32 200
sample264 1.429559461 2.827433388 32 200
sample265 1.406422019 2.513274123 35 200
sample266 1.421355888 2.827433388 35 200
sample267 1.381375333 2.513274123 38 200
sample268 1.402858217 2.827433388 38 200
sample269 1.547181646 2.094395102 20 60
sample270 0.953586391 6.283185307 20 60
sample271 1.245338208 5.235987756 20 60
sample272 0.6100633 3.141592654 30 60
sample273 0.68266675 3.141592654 30 60
sample274 0.518534672 2.094395102 30 60
sample275 0.301172298 3.141592654 40 60
sample276 0.232573533 5.235987756 40 60
sample277 0.282682877 6.283185307 40 60
sample278 0.184123956 6.283185307 40 60
sample279 0.163546011 2.094395102 50 60
sample280 0.162235302 3.141592654 50 60
sample281 0.246814898 2.094395102 50 60
sample282 0.234162458 5.235987756 50 60
sample283 0.168277392 3.141592654 50 60
sample284 0.154440058 5.235987756 50 60
sample285 0.127474525 3.141592654 50 60
sample286 0.251157679 2.094395102 50 60
sample287 0.171077373 4.188790205 60 60
sample288 0.329878098 2.094395102 60 60
sample289 0.220238095 5.235987756 60 60
sample290 0.111008269 3.141592654 60 60
sample291 0.140511308 5.235987756 60 60
sample292 0.326976291 2.094395102 60 60
sample293 0.128619421 3.141592654 60 60
sample294 1.443352298 3.141592654 20 80
sample295 1.483251231 3.926990817 20 80
sample296 1.339557717 3.141592654 30 80
sample297 1.369749574 2.35619449 30 80
sample298 1.362132238 3.926990817 30 80
sample299 1.082993833 4.71238898 30 80
sample300 1.522943751 1.570796327 30 80
sample301 0.603483478 1.570796327 40 80
sample302 0.226435719 2.35619449 50 80
sample303 0.165254062 1.570796327 50 80
sample304 0.206020724 4.71238898 50 80
sample305 0.21092504 4.71238898 50 80
sample306 0.322693131 1.570796327 60 80
sample307 0.23493858 3.141592654 60 80
sample308 0.172882678 3.141592654 60 80
sample309 1.61534638 2.513274123 20 100
sample310 1.59711415 1.884955592 20 100
sample311 1.379044842 1.884955592 30 100
sample312 1.415827076 3.141592654 30 100
sample313 1.526309587 2.513274123 30 100
sample314 1.151824552 1.256637061 40 100
sample315 1.305478432 1.884955592 40 100
sample316 0.529842689 2.513274123 50 100
sample317 0.220330158 3.769911184 60 100
sample318 1.579912486 1.570796327 20 120
sample319 1.557526342 3.141592654 20 120
sample320 1.688323499 2.094395102 20 120
sample321 1.44472498 3.141592654 20 120
sample322 1.591468136 2.617993878 30 120
sample323 1.302227004 1.570796327 40 120
sample324 1.430471461 2.094395102 40 120
sample325 0.834795043 1.047197551 50 120
sample326 1.453637332 2.094395102 50 120
sample327 0.939556207 3.141592654 50 120
sample328 0.537896684 1.570796327 60 120
sample329 0.574613089 2.094395102 60 120
sample330 1.633170109 2.243994753 30 140
sample331 1.443226538 0.897597901 40 140
sample332 1.401871839 2.692793703 50 140
sample333 0.66372848 0.897597901 60 140
sample334 0.452690426 2.243994753 60 140
sample335 1.760274198 0.785398163 30 160
sample336 1.493989109 0.785398163 40 160
sample337 1.522183395 1.963495408 40 160
sample338 1.586082646 2.35619449 40 160
sample339 0.751855495 0.785398163 60 160
sample340 1.341351122 1.570796327 60 160
sample341 1.798910248 1.396263402 20 180
sample342 1.776764192 1.745329252 20 180
sample343 1.77535325 0.698131701 30 180
sample344 1.463180419 1.396263402 50 180
sample345 1.161822191 1.047197551 60 180
sample346 1.364236095 1.396263402 60 180
sample347 1.448629634 2.094395102 60 180
sample348 1.649342938 1.570796327 40 200
sample349 1.654095943 1.884955592 40 200
sample350 0.72799034 6.283185307 20 70
sample351 0.988251348 4.188790205 23 90
sample352 0.997221583 4.398229715 29 100
sample353 0.910870753 5.140787979 20 110
sample354 1.135214197 3.427191986 23 110
sample355 1.089153632 4.569589314 35 110
sample356 1.174791632 4.188790205 29 120
sample357 1.052120503 4.71238898 32 120
sample358 1.208024082 2.89993168 20 130
sample359 1.042520237 4.34989752 20 130
sample360 1.138904555 3.383253627 32 130
sample361 1.196658005 3.383253627 32 130
sample362 1.192960468 4.039190555 26 140
sample363 1.228397793 4.039190555 32 140
sample364 1.170581703 3.590391604 38 140
sample365 1.404178342 3.141592654 20 60
sample366 1.157379916 4.188790205 20 60
sample367 1.05449834 5.235987756 20 60
sample368 0.91959136 6.283185307 20 60
sample369 1.623621123 2.094395102 20 60
sample370 1.092930713 5.235987756 20 60
sample371 1.617501119 2.094395102 20 60
sample372 1.582295656 3.141592654 20 60
sample373 1.313210144 4.188790205 20 60
sample374 1.179490956 5.235987756 20 60
sample375 1.576575732 2.094395102 20 60
sample376 1.611647704 3.141592654 20 60
sample377 1.347585723 4.188790205 20 60
sample378 0.913108242 6.283185307 20 60
sample379 1.60830863 2.094395102 20 60
sample380 1.558561878 3.141592654 20 60
sample381 1.381328859 4.188790205 20 60
sample382 0.885834994 6.283185307 20 60
sample383 1.630498522 2.094395102 20 60
sample384 1.546954712 3.141592654 20 60
sample385 0.495559869 2.094395102 30 60
sample386 0.450297175 3.141592654 30 60
sample387 0.543065334 4.188790205 30 60
sample388 0.44957328 5.235987756 30 60
sample389 0.361589393 6.283185307 30 60
sample390 0.538401027 2.094395102 30 60
sample391 0.578284761 4.188790205 30 60
sample392 0.398214286 5.235987756 30 60
sample393 0.355636164 6.283185307 30 60
sample394 0.551253911 2.094395102 30 60
sample395 0.695043802 4.188790205 30 60
sample396 0.573818056 5.235987756 30 60
sample397 0.611583165 3.141592654 30 60
sample398 0.697688229 4.188790205 30 60
sample399 0.378729379 6.283185307 30 60
sample400 0.52251431 2.094395102 30 60
sample401 0.476738705 3.141592654 30 60
sample402 0.580174548 4.188790205 30 60
sample403 0.404054211 5.235987756 30 60
sample404 0.536193425 2.094395102 30 60
sample405 0.500672043 4.188790205 30 60
sample406 0.410943031 5.235987756 30 60
sample407 0.202038839 3.141592654 40 60
sample408 0.204645914 4.188790205 40 60
sample409 0.202671536 5.235987756 40 60
sample410 0.268656093 6.283185307 40 60
sample411 0.205264242 2.094395102 40 60
sample412 0.270011534 3.141592654 40 60
sample413 0.230823061 5.235987756 40 60
sample414 0.254736041 6.283185307 40 60
sample415 0.212474645 2.094395102 40 60
sample416 0.278328358 4.188790205 40 60
sample417 0.157380254 2.094395102 40 60
sample418 0.252048309 4.188790205 40 60
sample419 0.237094204 5.235987756 40 60
sample420 0.238165057 6.283185307 40 60
sample421 0.141010569 2.094395102 40 60
sample422 0.205106193 3.141592654 40 60
sample423 0.20109969 4.188790205 40 60
sample424 0.168409533 2.094395102 40 60
sample425 0.276107797 3.141592654 40 60
sample426 0.242707877 4.188790205 40 60
sample427 0.163703156 5.235987756 40 60
sample428 0.201380757 6.283185307 40 60
sample429 0.211513311 6.283185307 50 60
sample430 0.229801089 2.094395102 50 60
sample431 0.204395424 4.188790205 50 60
sample432 0.234828299 5.235987756 50 60
sample433 0.223842502 6.283185307 50 60
sample434 0.176332576 4.188790205 50 60
sample435 0.160153908 4.188790205 50 60
sample436 0.221350984 6.283185307 50 60
sample437 0.15033622 4.188790205 50 60
sample438 0.171762322 5.235987756 50 60
sample439 0.164146583 3.141592654 50 60
sample440 0.14695172 4.188790205 50 60
sample441 0.173671946 5.235987756 50 60
sample442 0.199172131 6.283185307 50 60
sample443 0.153209516 3.141592654 60 60
sample444 0.172673585 6.283185307 60 60
sample445 0.201663775 4.188790205 60 60
sample446 0.219567189 5.235987756 60 60
sample447 0.237458813 6.283185307 60 60
sample448 0.331865027 2.094395102 60 60
sample449 0.14392943 3.141592654 60 60
sample450 0.178980076 4.188790205 60 60
sample451 0.261009085 6.283185307 60 60
sample452 0.30404006 2.094395102 60 60
sample453 0.132645179 4.188790205 60 60
sample454 0.175877087 6.283185307 60 60
sample455 0.149820789 4.188790205 60 60
sample456 0.157868246 5.235987756 60 60
sample457 0.164422065 6.283185307 60 60
sample458 0.344302135 2.094395102 60 60
sample459 0.139432481 4.188790205 60 60
sample460 0.165352739 5.235987756 60 60
sample461 0.189438201 6.283185307 60 60
sample462 1.325481886 3.926990817 20 80
sample463 1.172215613 4.71238898 20 80
sample464 1.431387021 2.35619449 20 80
sample465 1.487965014 3.141592654 20 80
sample466 1.391174215 3.926990817 20 80
sample467 1.535625522 2.35619449 20 80
sample468 1.515373684 3.141592654 20 80
sample469 1.425646034 3.926990817 20 80
sample470 1.570547296 2.35619449 20 80
sample471 1.457879283 3.926990817 20 80
sample472 1.124541331 4.71238898 20 80
sample473 1.68289172 1.570796327 20 80
sample474 1.534607313 2.35619449 20 80
sample475 1.561412459 3.141592654 20 80
sample476 1.112668763 4.71238898 20 80
sample477 1.278673041 3.926990817 30 80
sample478 1.099070739 4.71238898 30 80
sample479 1.518535633 1.570796327 30 80
sample480 1.423602163 3.141592654 30 80
sample481 1.077795333 4.71238898 30 80
sample482 1.490225876 1.570796327 30 80
sample483 1.41555124 2.35619449 30 80
sample484 1.469576128 3.141592654 30 80
sample485 1.051447486 4.71238898 30 80
sample486 1.521382995 1.570796327 30 80
sample487 1.449063253 2.35619449 30 80
sample488 1.465880348 2.35619449 30 80
sample489 1.492498185 3.141592654 30 80
sample490 1.438634216 3.926990817 30 80
sample491 1.047208763 4.71238898 30 80
sample492 0.616723124 2.35619449 40 80
sample493 0.541119652 3.141592654 40 80
sample494 0.446970328 3.926990817 40 80
sample495 0.480311969 4.71238898 40 80
sample496 0.646392003 2.35619449 40 80
sample497 0.663949046 3.141592654 40 80
sample498 0.56884476 3.926990817 40 80
sample499 0.486049356 4.71238898 40 80
sample500 0.50876255 1.570796327 40 80
sample501 0.569138227 3.926990817 40 80
sample502 0.542208301 1.570796327 40 80
sample503 0.568869584 2.35619449 40 80
sample504 0.518373167 3.141592654 40 80
sample505 0.456280155 3.926990817 40 80
sample506 0.485462674 4.71238898 40 80
sample507 0.571872399 2.35619449 40 80
sample508 0.498581499 3.926990817 40 80
sample509 0.504706917 4.71238898 40 80
sample510 0.134236726 1.570796327 50 80
sample511 0.243811914 3.141592654 50 80
sample512 0.226152669 3.926990817 50 80
sample513 0.276450687 3.141592654 50 80
sample514 0.291109363 4.71238898 50 80
sample515 0.190951364 1.570796327 50 80
sample516 0.25440978 2.35619449 50 80
sample517 0.267871201 3.141592654 50 80
sample518 0.235428669 4.71238898 50 80
sample519 0.137107618 1.570796327 50 80
sample520 0.248717083 2.35619449 50 80
sample521 0.219494041 3.141592654 50 80
sample522 0.205526653 3.926990817 50 80
sample523 0.135046231 1.570796327 50 80
sample524 0.296154212 2.35619449 50 80
sample525 0.287187707 3.141592654 50 80
sample526 0.218741284 3.926990817 50 80
sample527 0.234025397 1.570796327 60 80
sample528 0.219179426 3.141592654 60 80
sample529 0.314876544 4.71238898 60 80
sample530 0.28882472 1.570796327 60 80
sample531 0.196895535 3.926990817 60 80
sample532 0.249955532 4.71238898 60 80
sample533 0.125998225 2.35619449 60 80
sample534 0.181575096 3.141592654 60 80
sample535 0.220326497 3.926990817 60 80
sample536 0.194625496 4.71238898 60 80
sample537 0.305462968 1.570796327 60 80
sample538 0.096393826 2.35619449 60 80
sample539 0.183567906 3.926990817 60 80
sample540 1.575847187 1.256637061 20 100
sample541 1.462900474 1.884955592 20 100
sample542 1.565890814 2.513274123 20 100
sample543 1.512368073 3.141592654 20 100
sample544 1.403263403 3.769911184 20 100
sample545 1.531240953 1.884955592 20 100
sample546 1.560280587 3.141592654 20 100
sample547 1.317807896 3.769911184 20 100
sample548 1.720652447 1.256637061 20 100
sample549 1.564291331 1.884955592 20 100
sample550 1.616966219 2.513274123 20 100
sample551 1.560754007 3.141592654 20 100
sample552 1.300884556 3.769911184 20 100
sample553 1.718223089 1.256637061 20 100
sample554 1.305927814 3.769911184 20 100
sample555 1.484157119 1.256637061 30 100
sample556 1.388248215 2.513274123 30 100
sample557 1.351954063 3.769911184 30 100
sample558 1.398990225 1.884955592 30 100
sample559 1.457093508 2.513274123 30 100
sample560 1.454773297 3.141592654 30 100
sample561 1.38957569 3.769911184 30 100
sample562 1.509330432 1.256637061 30 100
sample563 1.496619976 1.884955592 30 100
sample564 1.501759448 2.513274123 30 100
sample565 1.48405232 3.141592654 30 100
sample566 1.404523039 3.769911184 30 100
sample567 1.5347367 1.256637061 30 100
sample568 1.424299184 1.884955592 30 100
sample569 1.512495664 3.141592654 30 100
sample570 1.330698022 2.513274123 40 100
sample571 1.354259888 3.141592654 40 100
sample572 1.261734861 3.769911184 40 100
sample573 1.244760521 1.884955592 40 100
sample574 1.42778845 2.513274123 40 100
sample575 1.410716808 3.141592654 40 100
sample576 1.139383658 1.256637061 40 100
sample577 1.451846697 3.141592654 40 100
sample578 1.08921779 3.769911184 40 100
sample579 1.152010881 1.256637061 40 100
sample580 1.502349624 2.513274123 40 100
sample581 1.484206189 3.141592654 40 100
sample582 0.407146808 1.256637061 50 100
sample583 0.526802301 1.884955592 50 100
sample584 0.49997051 2.513274123 50 100
sample585 0.641481303 1.884955592 50 100
sample586 0.590993807 3.769911184 50 100
sample587 0.523349101 1.884955592 50 100
sample588 0.605101478 3.141592654 50 100
sample589 0.619855582 3.769911184 50 100
sample590 0.46464721 1.256637061 50 100
sample591 0.601233895 1.884955592 50 100
sample592 0.564565671 2.513274123 50 100
sample593 0.579879336 3.141592654 50 100
sample594 0.607789855 3.769911184 50 100
sample595 0.211428385 1.256637061 60 100
sample596 0.291066161 1.884955592 60 100
sample597 0.288265162 2.513274123 60 100
sample598 0.24434539 3.141592654 60 100
sample599 0.303703704 3.769911184 60 100
sample600 0.182657231 1.256637061 60 100
sample601 0.267289512 1.884955592 60 100
sample602 0.285761691 2.513274123 60 100
sample603 0.306362843 3.141592654 60 100
sample604 0.340511204 3.769911184 60 100
sample605 0.16501886 1.256637061 60 100
sample606 0.252757489 1.884955592 60 100
sample607 0.158117409 1.256637061 60 100
sample608 0.246759956 1.884955592 60 100
sample609 0.256823523 2.513274123 60 100
sample610 0.24589624 3.141592654 60 100
sample611 0.240601504 3.769911184 60 100
sample612 1.637142899 1.047197551 20 120
sample613 1.670345588 2.094395102 20 120
sample614 1.648836077 2.617993878 20 120
sample615 1.517185236 3.141592654 20 120
sample616 1.743457837 1.047197551 20 120
sample617 1.665250233 1.570796327 20 120
sample618 1.708874297 2.094395102 20 120
sample619 1.656264447 2.617993878 20 120
sample620 1.619928259 1.047197551 30 120
sample621 1.365832848 1.570796327 30 120
sample622 1.541656935 2.617993878 30 120
sample623 1.562563493 1.047197551 30 120
sample624 1.529428852 2.094395102 30 120
sample625 1.543618206 2.617993878 30 120
sample626 1.463423868 1.570796327 30 120
sample627 1.576514283 2.094395102 30 120
sample628 1.543754945 3.141592654 30 120
sample629 1.356127306 1.047197551 40 120
sample630 1.213763978 1.570796327 40 120
sample631 1.355781364 2.094395102 40 120
sample632 1.435901358 3.141592654 40 120
sample633 1.291089283 1.047197551 40 120
sample634 1.466244143 2.617993878 40 120
sample635 1.427631302 3.141592654 40 120
sample636 1.298093211 1.047197551 40 120
sample637 1.356004282 1.570796327 40 120
sample638 1.470433173 2.094395102 40 120
sample639 1.49988652 2.617993878 40 120
sample640 0.83853444 1.570796327 50 120
sample641 1.347348769 2.617993878 50 120
sample642 0.99017404 3.141592654 50 120
sample643 0.970271394 1.570796327 50 120
sample644 1.354269255 2.094395102 50 120
sample645 1.381961174 2.617993878 50 120
sample646 0.880970476 1.047197551 50 120
sample647 1.072534142 1.570796327 50 120
sample648 1.336080772 2.617993878 50 120
sample649 0.427700241 1.047197551 60 120
sample650 0.595564204 1.570796327 60 120
sample651 0.594594595 2.094395102 60 120
sample652 0.572439093 2.617993878 60 120
sample653 0.416041521 1.047197551 60 120
sample654 0.651931934 2.617993878 60 120
sample655 0.730474669 3.141592654 60 120
sample656 0.410517535 1.047197551 60 120
sample657 0.558405083 1.570796327 60 120
sample658 0.601605246 2.094395102 60 120
sample659 0.702363849 3.141592654 60 120
sample660 1.630168643 0.897597901 20 140
sample661 1.666891949 1.346396852 20 140
sample662 1.727557719 1.795195802 20 140
sample663 1.712835287 2.243994753 20 140
sample664 1.660926566 2.692793703 20 140
sample665 1.829306215 0.897597901 20 140
sample666 1.716885943 1.346396852 20 140
sample667 1.70332981 2.243994753 20 140
sample668 1.614747903 2.692793703 20 140
sample669 1.704817997 0.897597901 30 140
sample670 1.384467524 1.346396852 30 140
sample671 1.559470759 1.795195802 30 140
sample672 1.598350679 2.243994753 30 140
sample673 1.588975409 2.692793703 30 140
sample674 1.455863966 1.346396852 30 140
sample675 1.612188038 1.795195802 30 140
sample676 1.593758118 2.692793703 30 140
sample677 1.21427237 1.346396852 40 140
sample678 1.409107424 1.795195802 40 140
sample679 1.477573347 2.692793703 40 140
sample680 1.328367061 1.346396852 40 140
sample681 1.542296277 2.243994753 40 140
sample682 1.528148722 2.692793703 40 140
sample683 1.377580373 2.243994753 50 140
sample684 1.06805173 0.897597901 50 140
sample685 1.256877298 1.346396852 50 140
sample686 1.477432269 2.243994753 50 140
sample687 1.470776381 2.692793703 50 140
sample688 0.938672587 1.346396852 60 140
sample689 1.06719773 1.795195802 60 140
sample690 0.575754711 2.243994753 60 140
sample691 0.440068667 2.692793703 60 140
sample692 0.648628335 0.897597901 60 140
sample693 0.853283275 1.346396852 60 140
sample694 1.669590912 0.785398163 20 160
sample695 1.727699236 1.178097245 20 160
sample696 1.771474347 1.570796327 20 160
sample697 1.749073426 1.963495408 20 160
sample698 1.803716056 0.785398163 20 160
sample699 1.780719049 1.178097245 20 160
sample700 1.804990261 1.570796327 20 160
sample701 1.765524346 1.963495408 20 160
sample702 1.616889376 1.570796327 30 160
sample703 1.641279204 1.963495408 30 160
sample704 1.628648579 2.35619449 30 160
sample705 1.70770158 0.785398163 30 160
sample706 1.679107197 1.570796327 30 160
sample707 1.673885692 2.35619449 30 160
sample708 1.464438564 1.570796327 40 160
sample709 1.531714434 2.35619449 40 160
sample710 1.389157052 1.178097245 40 160
sample711 1.534961271 1.570796327 40 160
sample712 1.578889584 1.963495408 40 160
sample713 1.125127753 0.785398163 50 160
sample714 1.218238929 1.178097245 50 160
sample715 1.453854921 2.35619449 50 160
sample716 1.227749057 0.785398163 50 160
sample717 1.424920061 1.570796327 50 160
sample718 1.486274377 1.963495408 50 160
sample719 1.510142588 2.35619449 50 160
sample720 1.122062956 1.178097245 60 160
sample721 1.292136683 1.570796327 60 160
sample722 1.355113807 1.963495408 60 160
sample723 0.837865977 0.785398163 60 160
sample724 1.167730877 1.178097245 60 160
sample725 1.43920738 1.963495408 60 160
sample726 1.44971935 2.35619449 60 160
sample727 1.693740451 0.698131701 20 180
sample728 1.783365636 1.047197551 20 180
sample729 1.743944063 2.094395102 20 180
sample730 1.522911858 1.047197551 30 180
sample731 1.675754219 1.396263402 30 180
sample732 1.704000876 1.745329252 30 180
sample733 1.677842783 2.094395102 30 180
sample734 1.534770315 0.698131701 40 180
sample735 1.369729325 1.047197551 40 180
sample736 1.538479932 1.396263402 40 180
sample737 1.600906891 2.094395102 40 180
sample738 1.156806311 0.698131701 50 180
sample739 1.269092597 1.047197551 50 180
sample740 1.506355732 1.745329252 50 180
sample741 1.524045896 2.094395102 50 180
sample742 0.804772625 0.698131701 60 180
sample743 1.433850814 1.745329252 60 180
sample744 1.623177712 0.628318531 20 200
sample745 1.822957583 0.942477796 20 200
sample746 1.830787763 1.256637061 20 200
sample747 1.807107298 1.570796327 20 200
sample748 1.768985983 1.884955592 20 200
sample749 1.597283624 0.628318531 30 200
sample750 1.573343319 0.942477796 30 200
sample751 1.727207587 1.256637061 30 200
sample752 1.739091774 1.884955592 30 200
sample753 1.189457343 0.628318531 50 200
sample754 1.290784283 0.942477796 50 200
sample755 1.460289927 1.256637061 50 200
sample756 1.52340055 1.570796327 50 200
sample757 0.817460317 0.628318531 60 200
sample758 1.183127127 0.942477796 60 200
sample759 1.342236803 1.256637061 60 200
sample760 1.445718119 1.570796327 60 200
sample761 1.482438479 1.884955592 60 200
sample762 1.009991079 5.235987756 20 60
sample763 1.069956371 4.487989505 20 70
sample764 0.582061406 8.078381109 20 70
sample765 1.046746337 4.487989505 23 70
sample766 0.851741556 4.71238898 20 80
sample767 0.755417335 6.283185307 20 80
sample768 0.643407024 7.068583471 23 80
sample769 0.898860706 4.71238898 23 80
sample770 0.883856832 5.497787144 23 80
sample771 0.95292127 4.188790205 23 90
sample772 0.757399321 6.283185307 29 90
sample773 0.844275242 5.654866776 23 100
sample774 0.872250919 5.654866776 23 100
sample775 0.906475772 5.026548246 32 100
sample776 1.175838791 2.855993321 20 110
sample777 1.118240764 3.427191986 20 110
sample778 1.118569065 3.427191986 23 110
sample779 0.920066082 5.140787979 23 110
sample780 1.157420414 3.99839065 23 110
sample781 1.015182941 3.99839065 26 110
sample782 1.072558886 4.569589314 29 110
sample783 1.041581135 5.140787979 29 110
sample784 0.95819017 5.140787979 32 110
sample785 1.083549744 3.99839065 32 110
sample786 0.948344262 5.140787979 35 110
sample787 1.104017305 4.188790205 20 120
sample788 1.116687279 4.188790205 20 120
sample789 1.195198026 3.141592654 23 120
sample790 1.251859302 2.617993878 23 120
sample791 1.172114587 4.188790205 23 120
sample792 1.022215078 4.71238898 23 120
sample793 1.092540507 3.665191429 26 120
sample794 1.090528669 4.188790205 26 120
sample795 1.157025483 4.188790205 26 120
sample796 1.072540121 3.665191429 29 120
sample797 1.078642882 3.665191429 32 120
sample798 1.101223288 4.71238898 32 120
sample799 1.101474854 4.71238898 38 120
sample800 1.216735738 2.416609734 20 130
sample801 1.156222058 3.866575574 20 130
sample802 1.157761001 2.89993168 20 130
sample803 1.230124975 3.383253627 20 130
sample804 1.283415363 2.416609734 20 130
sample805 1.156277436 3.383253627 23 130
sample806 1.171964233 3.866575574 23 130
sample807 1.222253847 3.383253627 23 130
sample808 1.087459449 4.34989752 23 130
sample809 1.120022834 4.34989752 26 130
sample810 1.209085229 3.383253627 26 130
sample811 1.252492137 2.89993168 26 130
sample812 1.181927757 4.34989752 29 130
sample813 1.125465554 3.866575574 35 130
sample814 1.196894819 3.866575574 35 130
sample815 1.185178936 4.34989752 35 130
sample816 1.181598888 4.34989752 38 130
sample817 1.125190933 4.34989752 41 130
sample818 1.164166046 4.34989752 41 130
sample819 1.159914044 2.692793703 20 140
sample820 1.260584027 3.141592654 20 140
sample821 1.216089551 3.590391604 20 140
sample822 1.266098802 2.243994753 23 140
sample823 1.205166015 3.141592654 26 140
sample824 1.255144836 3.141592654 26 140
sample825 1.275800259 3.590391604 26 140
sample826 1.200910144 3.590391604 29 140
sample827 1.238458353 3.141592654 29 140
sample828 1.19328096 3.590391604 32 140
sample829 1.257373314 3.590391604 32 140
sample830 1.192475692 4.039190555 38 140
